,,
767149,30977,77397,,,
767150,30977,70227,,,
767152,30977,76369,,,
767153,30977,68689,,,
767154,30977,70736,,,
767155,30977,69199,,,
767156,30977,75342,,,
767157,30977,68680,,,
767159,30977,68677,,,
767160,30977,66117,,,
767161,30977,71747,,,
767162,30977,73283,,,
767164,30977,75841,,,
767166,30977,71231,,,
767167,30977,71741,,,
767168,30977,71226,,,
767169,30977,74804,,,
767170,30977,68659,,,
767171,30977,75309,,,
767173,30977,75303,,,
767174,30977,76323,,,
767175,30977,76321,,,
767176,30977,73248,,,
767177,30977,73247,,,
767178,30977,77342,,,
767180,30977,69654,,,
767181,30977,69136,,,
767182,30977,66063,,,
767183,30977,73742,,,
767184,30977,73740,,,
767185,30977,70664,,,
767187,30977,69123,,,
767189,30978,66461,,,
767190,30978,69284,,,
1363269,53588,34399,,,
767192,30980,76540,,,
767193,30980,76536,,,
767194,30980,75254,,,
767196,30980,74862,,,
767198,30980,72414,,,
767199,30980,71774,,,
767200,30980,71901,,,
767201,30980,72273,,,
767203,30980,75856,,,
767204,30980,73037,,,
767205,30980,66501,,,
767206,30980,66754,,,
767207,30980,75070,,,
767208,30980,72374,,,
767210,30980,73388,,,
767211,30980,72099,,,
767212,30980,72734,,,
767213,30980,75165,,,
767214,30980,71574,,,
767215,30980,76300,,,
767217,30980,72456,,,
767218,30980,77445,,,
767219,30980,76547,,,
767220,31013,44708,,,
767222,30983,66975,,,
767224,30983,73755,,,
767225,30983,71161,,,
767226,30983,76251,,,
767227,30983,67636,,,
767228,30983,69587,,,
767229,30983,78095,,,
767231,30983,66317,,,
767232,30983,66316,,,
767233,30983,78091,,,
767234,30983,77318,,,
767235,30983,66725,,,
767236,31031,92155,,,
767238,31031,89336,,,
767239,31031,89335,,,
767240,31031,89334,,,
767241,31031,89333,,,
767242,31031,89332,,,
767243,31031,89331,,,
767245,31031,89329,,,
767247,31031,80226,,,
767248,31031,88157,,,
767249,31031,87772,,,
767250,31031,82251,,,
767252,31031,87240,,,
767253,31031,81477,,,
767254,31031,87236,,,
767255,31031,81473,,,
767256,31031,88625,,,
767257,31031,87856,,,
767259,31031,84269,,,
767260,31031,89376,,,
767261,31031,83222,,,
767262,31031,83219,,,
767263,31031,82320,,,
767264,31031,81547,,,
767266,30985,71161,,,
767267,30985,71145,,,
767268,30985,69096,,,
767269,30985,69095,,,
767271,30985,73186,,,
767273,30985,68571,,,
767274,30985,76251,,,
767275,30985,69587,,,
767276,30985,66498,,,
767277,30985,67521,,,
767278,30985,70593,,,
767280,30985,68023,,,
767281,30985,73654,,,
767282,30985,68531,,,
767283,30985,66481,,,
767284,30985,67494,,,
767285,30985,77734,,,
767287,30985,76706,,,
767288,30985,74657,,,
767289,30985,66975,,,
767290,30985,73114,,,
767291,30985,75660,,,
767292,30985,75661,,,
767294,30985,72584,,,
767296,30985,68982,,,
767297,30985,66416,,,
1363276,53588,34732,,,
767299,30985,70507,,,
767300,30985,69994,,,
767301,30985,77669,,,
767303,30985,67409,,,
767305,30985,76613,,,
767306,30985,74045,,,
767307,30985,74044,,,
767308,30985,78135,,,
767310,30985,73528,,,
767311,30985,68408,,,
767312,30985,70966,,,
767313,30985,66358,,,
767314,30985,70964,,,
767315,30985,70961,,,
767317,30985,75048,,,
767318,30985,69415,,,
767319,30985,75044,,,
767320,30985,75039,,,
767321,30985,75037,,,
767322,30985,66840,,,
767324,30985,67350,,,
767325,30985,78092,,,
767326,30985,78095,,,
767327,30985,67343,,,
767329,30985,78096,,,
767331,30985,67853,,,
767332,30985,66317,,,
767333,30985,66316,,,
767334,30985,78091,,,
767335,30985,77064,,,
767336,30985,77061,,,
767338,30985,77056,,,
767339,30985,76536,,,
767340,30985,67306,,,
767341,30985,67304,,,
767342,30985,66277,,,
767343,30985,75488,,,
767345,30985,71390,,,
767346,30985,73944,,,
767347,30985,72915,,,
767348,30985,75986,,,
767349,30985,77007,,,
767350,30985,72909,,,
767352,30985,67781,,,
767354,30985,77490,,,
767355,30985,70833,,,
767356,30985,70831,,,
767357,30985,77478,,,
767359,30985,72336,,,
767360,30985,66190,,,
767361,30985,74887,,,
767362,30985,73858,,,
767363,30985,77941,,,
767364,30985,75892,,,
767366,30985,71788,,,
767367,30985,76893,,,
767368,30985,75355,,,
767369,30985,75354,,,
767370,30985,76376,,,
767371,30985,66133,,,
767373,30985,70738,,,
767374,30985,67665,,,
767375,30985,75342,,,
767376,30985,67660,,,
767378,30985,71232,,,
767380,30985,74812,,,
767381,30985,67641,,,
767382,30985,67644,,,
767383,30985,67643,,,
767384,30985,67642,,,
767385,30985,72249,,,
767387,30985,72749,,,
767388,30985,71217,,,
767389,30985,75311,,,
767390,30985,75823,,,
767391,30985,69166,,,
767392,30985,75821,,,
767394,30985,73755,,,
767395,30985,73749,,,
767396,30985,71187,,,
767397,30985,77843,,,
767398,30985,75785,,,
767399,30985,77318,,,
767401,30986,70655,,,
767403,30986,71161,,,
767404,30986,69109,,,
1363283,53588,60687,,,
767406,30986,71659,,,
767407,30986,67562,,,
767408,30986,73191,,,
767410,30986,77795,,,
767412,30986,73187,,,
767413,30986,77794,,,
767414,30986,77793,,,
767415,30986,76251,,,
767417,30986,66520,,,
767418,30986,66519,,,
767419,30986,71126,,,
767420,30986,71125,,,
767421,30986,69587,,,
767422,30986,66515,,,
767424,30986,77259,,,
767425,30986,70086,,,
767426,30986,66502,,,
767427,30986,75716,,,
767428,30986,74688,,,
767429,30986,77735,,,
767431,30986,75711,,,
767432,30986,73662,,,
767433,30986,75709,,,
767434,30986,74172,,,
767436,30986,74672,,,
767438,30986,72624,,,
767439,30986,74676,,,
767440,30986,66475,,,
767441,30986,70569,,,
767442,30986,67499,,,
767443,30986,66988,,,
767445,30986,77229,,,
767446,30986,73638,,,
767447,30986,67496,,,
767448,30986,77223,,,
767449,30986,74666,,,
767450,30986,77734,,,
767452,30986,73127,,,
767453,30986,76198,,,
767454,30986,67492,,,
767455,30986,77729,,,
767456,30986,76192,,,
767457,30986,76191,,,
767459,30986,68507,,,
767461,30986,77209,,,
767462,30986,68499,,,
767463,30986,67477,,,
767464,30986,77717,,,
767466,30986,70547,,,
767467,30986,76199,,,
767468,30986,66961,,,
767469,30986,71056,,,
767470,30986,67471,,,
767471,30986,75150,,,
767473,30986,68491,,,
767474,30986,68486,,,
767475,30986,75140,,,
767476,30986,71042,,,
767477,30986,74112,,,
767478,30986,74111,,,
767480,30986,76157,,,
767481,30986,70011,,,
767482,30986,76155,,,
767483,30986,72051,,,
767485,30986,76650,,,
767487,30986,68453,,,
767488,30986,73567,,,
767489,30986,77667,,,
767490,30986,69982,,,
767491,30986,70495,,,
767492,30986,70496,,,
767494,30986,73566,,,
767495,30986,73052,,,
767496,30986,69972,,,
767497,30986,75602,,,
767498,30986,74066,,,
767499,30986,67409,,,
767501,30986,67910,,,
767502,30986,67912,,,
767503,30986,72009,,,
767504,30986,72008,,,
767505,30986,72007,,,
767506,30986,76102,,,
767508,30986,77632,,,
767510,30986,74046,,,
767511,30986,69949,,,
1363288,53593,25153,,,
767513,30986,77111,,,
767514,30986,66872,,,
767515,30986,66871,,,
767517,30986,78128,,,
767519,30986,70958,,,
767520,30986,68393,,,
767521,30986,69927,,,
767522,30986,77607,,,
767524,30986,77084,,,
767525,30986,77081,,,
767526,30986,78100,,,
767527,30986,78098,,,
767528,30986,78095,,,
767529,30986,68877,,,
767531,30986,66316,,,
767532,30986,78091,,,
767533,30986,77063,,,
767534,30986,77062,,,
767535,30986,68868,,,
767536,30986,69378,,,
767538,30986,75006,,,
767539,30986,76536,,,
767540,30986,75000,,,
767541,30986,78059,,,
767543,30986,76521,,,
767545,30986,67269,,,
767546,30986,69318,,,
767547,30986,69316,,,
767548,30986,74948,,,
767549,30986,77506,,,
767550,30986,72383,,,
767552,30986,74940,,,
767553,30986,73912,,,
767554,30986,78008,,,
767555,30986,70833,,,
767556,30986,70831,,,
767557,30986,70320,,,
767559,30986,72876,,,
767560,30986,77482,,,
767561,30986,69288,,,
767562,30986,72863,,,
767563,30986,73874,,,
767564,30986,77453,,,
767566,30986,77454,,,
767568,30986,68748,,,
767569,30986,68740,,,
767570,30986,73858,,,
767571,30986,73857,,,
767573,30986,73855,,,
767574,30986,67709,,,
767575,30986,76409,,,
767576,30986,71290,,,
767577,30986,71289,,,
767578,30986,71288,,,
767580,30986,69744,,,
767581,30986,69743,,,
767582,30986,76394,,,
767583,30986,66151,,,
767584,30986,66150,,,
767585,30986,77924,,,
767587,30986,74849,,,
767588,30986,76385,,,
767589,30986,66470,,,
767590,30986,66651,,,
767592,30986,77400,,,
767594,30986,67667,,,
767595,30986,74319,,,
767596,30986,69194,,,
767597,30986,69193,,,
767598,30986,66631,,,
767599,30986,71749,,,
767601,30986,69699,,,
767602,30986,66114,,,
767603,30986,74303,,,
767604,30986,74812,,,
767605,30986,75837,,,
767606,30986,76860,,,
767608,30986,76858,,,
767609,30986,67641,,,
767610,30986,67636,,,
767611,30986,69172,,,
767612,30986,66097,,,
767613,30986,69170,,,
767615,30986,75312,,,
767617,30986,73256,,,
767618,30986,73252,,,
1363292,53590,76893,,,
767620,30986,70692,,,
767621,30986,67107,,,
767622,30986,69154,,,
767624,30986,75295,,,
767626,30986,73755,,,
767627,30986,68635,,,
767628,30986,67608,,,
767629,30986,72726,,,
767631,30986,73749,,,
767632,30986,76304,,,
767633,30986,67600,,,
767634,30986,67599,,,
767635,30986,73741,,,
767636,30986,76811,,,
767638,30986,70149,,,
767639,30986,77318,,,
767640,30986,69125,,,
767641,30986,67584,,,
767642,30986,76288,,,
767643,30986,74752,,,
767645,30979,1530,,,
767646,30979,58008,,,
767647,30979,4784,,,
767648,30979,4781,,,
767650,30979,61576,,,
767652,30979,1635,,,
767653,30979,61696,,,
767654,30991,74431,,,
767655,30991,68478,,,
767656,30991,66487,,,
767657,30991,66486,,,
767659,30991,70161,,,
767660,30991,70413,,,
767661,30991,72360,,,
767662,30991,78081,,,
767663,31005,76139,,,
767664,31005,73571,,,
767666,31005,68444,,,
767667,31005,68441,,,
767668,31005,69974,,,
767669,31005,75089,,,
767670,31005,73545,,,
767671,31005,68424,,,
767673,31005,76612,,,
767675,31005,67902,,,
767676,31005,66879,,,
767677,31005,76606,,,
767678,31005,67901,,,
767680,31005,69413,,,
767681,31005,66853,,,
767682,31005,67875,,,
767683,31005,67874,,,
767684,31005,77082,,,
767685,31005,71443,,,
767687,31005,77583,,,
767688,31005,77069,,,
767689,31005,66310,,,
767690,31005,78076,,,
767691,31005,76539,,,
767692,31005,66809,,,
767694,31005,70896,,,
767695,31005,75504,,,
767696,31005,66285,,,
767697,31005,74988,,,
767699,31005,74461,,,
767701,31005,78043,,,
767702,31005,74458,,,
767703,31005,74455,,,
767704,31005,75979,,,
767705,31005,67269,,,
767706,31005,68274,,,
767708,31005,76460,,,
767709,31005,69286,,,
767710,31005,74398,,,
767711,31005,77465,,,
767712,31005,67736,,,
767713,31005,73878,,,
767715,31005,77965,,,
767716,31005,72326,,,
767717,31005,77953,,,
767718,31005,77429,,,
767719,31005,77428,,,
767720,31005,73324,,,
767722,31005,72807,,,
767724,31005,76390,,,
767725,31005,72805,,,
1363299,53590,67665,,,
767727,31005,72803,,,
767728,31005,72802,,,
767729,31005,77921,,,
767731,31005,74844,,,
767733,31005,67155,,,
767734,31005,66643,,,
767735,31005,74751,,,
767736,31005,70137,,,
767738,31005,66547,,,
767739,31005,74738,,,
767740,31005,70641,,,
767741,31005,71663,,,
767742,31005,73199,,,
767743,31005,75242,,,
767745,31005,74728,,,
767746,31005,72677,,,
767747,31005,75741,,,
767748,31005,73688,,,
767749,31005,72662,,,
767750,31005,74198,,,
767752,31005,68045,,,
767753,31005,72648,,,
767754,31005,67524,,,
767755,31005,74691,,,
767757,31005,74688,,,
767759,31005,74684,,,
767760,31005,72635,,,
767761,31005,77241,,,
767762,31005,77240,,,
767763,31005,67504,,,
767764,31005,70576,,,
767766,31005,67502,,,
767767,31005,77226,,,
767768,31005,74662,,,
767769,31005,77736,,,
767770,31005,77734,,,
767771,31005,73638,,,
767773,31005,74660,,,
767774,31005,74658,,,
767775,31005,76704,,,
767776,31005,68504,,,
767777,31005,75162,,,
767778,31005,68505,,,
767780,31005,75157,,,
767782,31005,75151,,,
767783,31005,67470,,,
767784,31005,75149,,,
767785,31005,67463,,,
767787,31005,66437,,,
767788,31005,74112,,,
767789,31005,75132,,,
767790,31005,75131,,,
767791,31005,67955,,,
767792,31005,66930,,,
767794,31005,75119,,,
767795,31005,72558,,,
767796,31005,75115,,,
767797,31005,66642,,,
767798,31005,66639,,,
767799,31005,68174,,,
767801,31005,67658,,,
767802,31005,77891,,,
767803,31005,66623,,,
767804,31005,66624,,,
767806,31005,73279,,,
767808,31005,68668,,,
767809,31005,71217,,,
767810,31005,75822,,,
767811,31005,72748,,,
767812,31005,75817,,,
767813,31005,66090,,,
767815,31005,75816,,,
767816,31005,75815,,,
767817,31005,74278,,,
767818,31005,72736,,,
767819,31005,68640,,,
767820,31005,75289,,,
767822,31005,75286,,,
767823,31005,72726,,,
767824,31005,67603,,,
767825,31005,67087,,,
767826,31005,67086,,,
767827,31005,66055,,,
767829,31005,73227,,,
767831,31005,68614,,,
767832,31005,75272,,,
1363306,53590,74044,,,
767834,31005,74246,,,
767835,31005,70661,,,
767836,31005,74754,,,
767838,31005,76802,,,
767840,31007,59518,,,
767841,31007,19065,,,
767842,31007,19064,,,
767843,31007,19063,,,
767845,31007,18035,,,
767846,31007,48628,,,
767847,31007,49011,,,
767848,31007,1521,,,
767849,31007,61681,,,
767850,31007,33648,,,
767852,31007,41318,,,
767853,31007,66012,,,
767854,31007,39640,,,
767855,31007,61270,,,
767856,31007,48854,,,
767857,31007,61013,,,
767859,31007,41554,,,
767860,31007,25291,,,
767861,31007,436,,,
767862,31007,41264,,,
767864,31007,34092,,,
767866,31007,24611,,,
767867,31007,57251,,,
767868,31007,13471,,,
767869,31007,34082,,,
767870,31007,30882,,,
767871,31007,13470,,,
767873,31007,34079,,,
767874,31007,34206,,,
767875,31007,33690,,,
767876,31007,20631,,,
767877,31007,20630,,,
767878,31007,16147,,,
767880,31007,29069,,,
767881,31007,141,,,
767882,31007,65804,,,
767883,31007,38922,,,
767884,31007,33920,,,
767885,30997,72191,,,
767887,30997,74479,,,
767889,30997,72677,,,
767890,30997,70885,,,
767891,30997,70884,,,
767892,30997,78035,,,
767894,30997,72643,,,
767895,30997,75074,,,
767896,30997,75072,,,
767897,30997,72632,,,
767898,30997,70328,,,
767899,30997,76982,,,
767901,30997,73249,,,
767902,30997,71071,,,
767903,30997,75291,,,
767904,30997,72211,,,
767905,30997,72206,,,
767906,30997,76550,,,
767908,31000,77307,,,
767909,31000,66545,,,
767910,31000,74729,,,
767911,31000,74728,,,
767913,31000,73157,,,
767915,31000,73148,,,
767916,31000,75194,,,
767917,31000,77241,,,
767918,31000,77240,,,
767919,31000,73143,,,
767920,31000,67504,,,
767922,31000,67502,,,
767923,31000,74662,,,
767924,31000,73638,,,
767925,31000,74658,,,
767926,31000,69537,,,
767927,31000,72608,,,
767929,31000,68510,,,
767930,31000,68509,,,
767931,31000,68504,,,
767932,31000,68505,,,
767933,31000,75160,,,
767934,31000,68482,,,
767936,31000,77691,,,
767938,31000,68974,,,
767939,31000,76139,,,
1363313,53590,66725,,,
767941,31000,77651,,,
767942,31000,68423,,,
767943,31000,77638,,,
767945,31000,66355,,,
767947,31000,77082,,,
767948,31000,78076,,,
767949,31000,78069,,,
767950,31000,78068,,,
767952,31000,68836,,,
767953,31000,74979,,,
767954,31000,78050,,,
767955,31000,76508,,,
767956,31000,74947,,,
767957,31000,74939,,,
767959,31000,69284,,,
767960,31000,77470,,,
767961,31000,77468,,,
767962,31000,77465,,,
767963,31000,74903,,,
767964,31000,75412,,,
767966,31000,74898,,,
767967,31000,77965,,,
767968,31000,69754,,,
767969,31000,77428,,,
767971,31000,73328,,,
767973,31000,76390,,,
767974,31000,76389,,,
767975,31000,72289,,,
767976,31000,76370,,,
767977,31000,66639,,,
767978,31000,77390,,,
767980,31000,73283,,,
767981,31000,66623,,,
767982,31000,75817,,,
767983,31000,75816,,,
767984,31000,75815,,,
767985,31000,73248,,,
767987,31000,75286,,,
767988,31000,66063,,,
767989,31000,73742,,,
767990,31000,73740,,,
767991,31000,73223,,,
767992,31000,67589,,,
767994,31001,71781,,,
767996,31001,73152,,,
767997,31002,70653,,,
767998,31002,76532,,,
767999,31002,70515,,,
768001,31002,74989,,,
768002,31002,77420,,,
768003,31002,72043,,,
768004,31002,75754,,,
768005,31002,72036,,,
768006,31002,68066,,,
768008,31002,67155,,,
768009,31002,77521,,,
768010,31002,74965,,,
768011,31002,75349,,,
768012,31002,74964,,,
768013,31002,77523,,,
768015,31002,73809,,,
768016,31002,73163,,,
768017,31002,72650,,,
768018,31002,67145,,,
768020,31002,70085,,,
768022,31002,76607,,,
768023,31002,76605,,,
768024,31002,75070,,,
768025,31002,76732,,,
768026,31002,77501,,,
768027,31002,66877,,,
768029,31002,73275,,,
768030,31002,68919,,,
768031,31002,66359,,,
768032,31002,68920,,,
768033,31002,67895,,,
768034,31002,66358,,,
768036,31002,76084,,,
768037,31002,69683,,,
768038,31002,70833,,,
768039,31002,70705,,,
768040,31002,70831,,,
768041,31002,66094,,,
768043,31002,77227,,,
768045,31002,66341,,,
768046,31002,68642,,,
1363320,53590,71187,,,
768048,31002,72480,,,
768049,31002,75165,,,
768050,31002,76189,,,
768052,31002,67866,,,
768054,31002,71575,,,
768055,31002,69813,,,
768056,31002,69392,,,
768057,31002,77839,,,
768059,31002,75788,,,
768060,31002,69388,,,
768061,31002,72457,,,
768062,31002,75017,,,
768063,31002,68872,,,
768064,31002,67971,,,
768066,31002,70916,,,
768067,31002,72323,,,
768068,31002,70145,,,
768069,31002,74368,,,
768070,31003,70653,,,
768071,31003,27764,,,
768073,31003,72557,,,
768074,31003,101356,,,
768075,31003,72043,,,
768076,31003,33640,,,
768078,31003,77925,,,
768080,31003,69090,,,
768081,31003,69087,,,
768082,31003,77908,,,
768083,31003,90579,,,
768084,31003,77906,,,
768085,31003,77904,,,
768087,31003,58186,,,
768088,31003,80970,,,
768089,31003,63944,,,
768090,31003,76614,,,
768091,31003,66501,,,
768092,31003,76612,,,
768094,31003,5180,,,
768095,31003,82108,,,
768096,31003,90679,,,
768097,31003,69813,,,
768098,31003,90676,,,
768099,31003,70833,,,
768101,31003,89901,,,
768103,31003,77227,,,
768104,31003,810,,,
768105,31003,69414,,,
768106,31003,69413,,,
768108,31003,92194,,,
768109,31003,34080,,,
768110,31003,85664,,,
768111,31003,49053,,,
768112,31003,87706,,,
768113,31003,406,,,
768115,31003,67971,,,
768116,31009,1532,,,
768117,31009,34295,,,
768118,31009,59510,,,
768119,31009,57972,,,
768120,31009,57971,,,
768122,31009,16877,,,
768123,31009,5227,,,
768124,31009,33640,,,
768125,31009,59482,,,
768127,31009,33747,,,
768129,31009,58186,,,
768130,31009,63944,,,
768131,31009,59973,,,
768132,31009,1221,,,
768133,31009,709,,,
768134,31009,1220,,,
768136,31009,5179,,,
768137,31009,34103,,,
768138,31009,41910,,,
768139,31009,34230,,,
768140,31009,60084,,,
768141,31009,36915,,,
768143,31009,19761,,,
768144,31009,41904,,,
768145,31009,31021,,,
768146,31009,34219,,,
768147,31009,810,,,
768148,31009,20010,,,
768150,31009,4005,,,
768152,31009,20005,,,
768153,31009,14500,,,
1363327,53591,88575,,,
768155,31009,803,,,
768156,31009,34080,,,
768157,31009,49053,,,
768159,31009,4888,,,
768161,31009,790,,,
768162,31009,32660,,,
768163,31009,3217,,,
768164,31009,60175,,,
768166,31009,2309,,,
768167,31009,1154,,,
768168,31009,38912,,,
768169,31008,75229,,,
768170,31008,71126,,,
768171,31008,71125,,,
768173,31008,77259,,,
768174,31008,69065,,,
768175,31008,73154,,,
768176,31008,67006,,,
768177,31008,77247,,,
768178,31008,77246,,,
768180,31008,77243,,,
768181,31008,77229,,,
768182,31008,73127,,,
768183,31008,73128,,,
768185,31008,77211,,,
768187,31008,77208,,,
768188,31008,75157,,,
768189,31008,66964,,,
768190,31008,77201,,,
768191,31008,66962,,,
768192,31008,66961,,,
768194,31008,66959,,,
768195,31008,75150,,,
768196,31008,71042,,,
768197,31008,77184,,,
768198,31008,66932,,,
768199,31008,73053,,,
768201,31008,77145,,,
768202,31008,66896,,,
768203,31008,73035,,,
768204,31008,66885,,,
768205,31008,66882,,,
768206,31008,66876,,,
768208,31008,66872,,,
768210,31008,77110,,,
768211,31008,77097,,,
768212,31008,77086,,,
768213,31008,77084,,,
768215,31008,68877,,,
768216,31008,77063,,,
768217,31008,77062,,,
768218,31008,68868,,,
768219,31008,77057,,,
768220,31008,72955,,,
768222,31008,72943,,,
768223,31008,68835,,,
768224,31008,68825,,,
768225,31008,68823,,,
768226,31008,68821,,,
768227,31008,77014,,,
768229,31008,68820,,,
768230,31008,72912,,,
768231,31008,77006,,,
768232,31008,72908,,,
768234,31008,72904,,,
768236,31008,74948,,,
768237,31008,74947,,,
768238,31008,74945,,,
768239,31008,72896,,,
768240,31008,74942,,,
768241,31008,74940,,,
768243,31008,68788,,,
768244,31008,70834,,,
768245,31008,76977,,,
768246,31008,66735,,,
768247,31008,72876,,,
768248,31008,72877,,,
768250,31008,72874,,,
768251,31008,66730,,,
768252,31008,72873,,,
768253,31008,68774,,,
768254,31008,70818,,,
768255,31008,72863,,,
768257,31008,74894,,,
768259,31008,76936,,,
768260,31008,74873,,,
1363334,53591,92400,,,
768262,31008,74871,,,
768263,31008,74866,,,
768264,31008,66664,,,
768266,31008,70736,,,
768268,31008,76860,,,
768269,31008,68668,,,
768270,31008,76858,,,
768271,31008,70692,,,
768273,31008,72736,,,
768274,31008,74783,,,
768275,31008,68635,,,
768276,31008,72726,,,
768277,31008,70678,,,
768278,31008,76811,,,
768280,31008,76809,,,
768281,31008,74756,,,
768282,31008,74753,,,
768283,31008,74752,,,
768284,31008,66547,,,
768285,31008,68587,,,
768287,31008,76777,,,
768288,31008,74726,,,
768289,31008,68568,,,
768290,31008,66520,,,
768292,31008,72662,,,
768294,31008,66516,,,
768295,31008,66515,,,
768296,31008,66514,,,
768297,31008,72648,,,
768298,31008,72642,,,
768299,31008,66475,,,
768301,31008,70569,,,
768302,31008,76707,,,
768303,31008,70557,,,
768304,31008,70556,,,
768305,31008,70555,,,
768306,31008,72597,,,
768308,31008,70547,,,
768309,31008,66446,,,
768310,31008,68491,,,
768311,31008,70535,,,
768312,31008,74627,,,
768313,31008,70522,,,
768315,31008,76664,,,
768317,31008,76650,,,
768318,31008,68453,,,
768319,31008,70496,,,
768320,31008,70495,,,
768322,31008,72535,,,
768323,31008,68439,,,
768324,31008,70482,,,
768325,31008,70472,,,
768326,31008,68422,,,
768327,31008,76612,,,
768329,31008,68411,,,
768330,31008,68396,,,
768331,31008,68393,,,
768332,31008,68390,,,
768333,31008,72483,,,
768334,31008,72460,,,
768336,31008,72423,,,
768337,31008,70370,,,
768338,31008,66261,,,
768339,31008,66252,,,
768341,31008,68289,,,
768343,31008,72383,,,
768344,31008,76478,,,
768345,31008,66237,,,
768346,31008,66236,,,
768347,31008,68263,,,
768348,31008,72351,,,
768350,31008,72342,,,
768351,31008,76437,,,
768352,31008,72338,,,
768353,31008,72326,,,
768354,31008,76409,,,
768355,31008,70262,,,
768357,31008,70260,,,
768358,31008,76394,,,
768359,31008,66151,,,
768360,31008,66150,,,
768361,31008,66149,,,
768362,31008,76385,,,
768364,31008,70229,,,
768366,31008,68174,,,
768367,31008,74311,,,
1363341,53591,80228,,,
768369,31008,76323,,,
768370,31008,76321,,,
768371,31008,72220,,,
768373,31008,70149,,,
768375,31008,72171,,,
768376,31008,72168,,,
768377,31008,68058,,,
768378,31008,70085,,,
768380,31008,70076,,,
768381,31008,74172,,,
768382,31008,74166,,,
768383,31008,74160,,,
768384,31008,74159,,,
768385,31008,74158,,,
768387,31008,76199,,,
768388,31008,76198,,,
768389,31008,74149,,,
768390,31008,76192,,,
768391,31008,76191,,,
768392,31008,74111,,,
768394,31008,67966,,,
768395,31008,76158,,,
768396,31008,76157,,,
768397,31008,76155,,,
768399,31008,74087,,,
768401,31008,69982,,,
768402,31008,74066,,,
768403,31008,72007,,,
768404,31008,72008,,,
768405,31008,72009,,,
768406,31008,67912,,,
768408,31008,76102,,,
768409,31008,74046,,,
768410,31008,74045,,,
768411,31008,69949,,,
768412,31008,76091,,,
768413,31008,74043,,,
768415,31008,78128,,,
768416,31008,69918,,,
768417,31008,76057,,,
768418,31008,67860,,,
768419,31008,69906,,,
768420,31008,78095,,,
768422,31008,69880,,,
768424,31008,73964,,,
768425,31008,67582,,,
768426,31008,77820,,,
768427,31008,67572,,,
768429,31008,77808,,,
768430,31008,67566,,,
768431,31008,71662,,,
768432,31008,67565,,,
768433,31008,71660,,,
768434,31008,71659,,,
768436,31008,77794,,,
768437,31008,77793,,,
768438,31008,75741,,,
768439,31008,75740,,,
768440,31008,69593,,,
768441,31008,67543,,,
768443,31008,75719,,,
768444,31008,67525,,,
768445,31008,75716,,,
768446,31008,67521,,,
768448,31008,75711,,,
768450,31008,73657,,,
768451,31008,73656,,,
768452,31008,67511,,,
768453,31008,67507,,,
768454,31008,69551,,,
768455,31008,67499,,,
768457,31008,67496,,,
768458,31008,77734,,,
768459,31008,73638,,,
768460,31008,67492,,,
768461,31008,77730,,,
768462,31008,67487,,,
768464,31008,77724,,,
768465,31008,67477,,,
768466,31008,67482,,,
768467,31008,67481,,,
768468,31008,67479,,,
768469,31008,75671,,,
768471,31008,77717,,,
768473,31008,75667,,,
768474,31008,67473,,,
1363348,53591,87886,,,
768476,31008,67471,,,
768477,31008,67469,,,
768478,31008,67466,,,
768480,31008,67448,,,
768482,31008,75630,,,
768483,31008,75629,,,
768484,31008,69483,,,
768485,31008,69479,,,
768487,31008,73567,,,
768488,31008,73566,,,
768489,31008,75602,,,
768490,31008,69443,,,
768491,31008,69442,,,
768492,31008,67392,,,
768494,31008,77622,,,
768495,31008,77621,,,
768496,31008,77607,,,
768497,31008,69413,,,
768498,31008,71453,,,
768499,31008,71450,,,
768501,31008,67350,,,
768502,31008,67351,,,
768503,31008,71446,,,
768504,31008,67344,,,
768506,31008,67339,,,
768508,31008,67337,,,
768509,31008,71427,,,
768510,31008,67327,,,
768511,31008,73465,,,
768512,31008,77556,,,
768513,31008,75507,,,
768515,31008,75502,,,
768516,31008,75501,,,
768517,31008,67278,,,
768518,31008,69324,,,
768519,31008,67275,,,
768520,31008,69318,,,
768522,31008,67267,,,
768523,31008,69315,,,
768524,31008,75456,,,
768525,31008,71359,,,
768526,31008,75453,,,
768527,31008,71346,,,
768529,31008,75439,,,
768531,31008,75434,,,
768532,31008,77480,,,
768533,31008,69288,,,
768534,31008,69286,,,
768536,31008,75429,,,
768537,31008,77472,,,
768538,31008,77455,,,
768539,31008,77454,,,
768540,31008,77453,,,
768541,31008,75390,,,
768543,31008,71289,,,
768544,31008,71288,,,
768545,31008,73324,,,
768546,31008,77400,,,
768547,31008,77396,,,
768548,31008,73299,,,
768550,31008,69193,,,
768551,31008,71235,,,
768552,31008,75326,,,
768553,31008,71230,,,
768555,31008,75321,,,
768557,31008,75312,,,
768558,31008,73256,,,
768559,31008,69155,,,
768560,31008,67107,,,
768561,31008,69154,,,
768562,31008,67105,,,
768564,31008,71198,,,
768565,31008,71197,,,
768566,31008,77337,,,
768567,31008,67091,,,
768568,31008,67088,,,
768569,31008,67084,,,
768571,31008,75272,,,
768572,31008,75271,,,
768573,31008,69125,,,
768574,31008,73214,,,
768575,31008,73199,,,
768576,31008,73188,,,
768578,31008,73183,,,
768580,31008,69866,,,
768581,31008,67801,,,
1363355,53591,79942,,,
768583,31008,78021,,,
768584,31008,73912,,,
768585,31008,78008,,,
768587,31008,71849,,,
768589,31008,73887,,,
768590,31008,73878,,,
768591,31008,73873,,,
768592,31008,77964,,,
768594,31008,73857,,,
768595,31008,67715,,,
768596,31008,73859,,,
768597,31008,73858,,,
768598,31008,67713,,,
768599,31008,73855,,,
768601,31008,67710,,,
768602,31008,67709,,,
768603,31008,75893,,,
768604,31008,77941,,,
768605,31008,69744,,,
768606,31008,69743,,,
768608,31008,71749,,,
768609,31008,69699,,,
768610,31008,75837,,,
768611,31008,77881,,,
768613,31008,75821,,,
768615,31008,67608,,,
768616,31008,67601,,,
768617,31008,67600,,,
768618,31008,67599,,,
768619,31008,69635,,,
768620,31008,67584,,,
768622,31010,77259,,,
768623,31010,75722,,,
768624,31010,69065,,,
768625,31010,73157,,,
768626,31010,67523,,,
768627,31010,77249,,,
768629,31010,75198,,,
768630,31010,73148,,,
768631,31010,77243,,,
768632,31010,73143,,,
768633,31010,72631,,,
768634,31010,73654,,,
768636,31010,77222,,,
768638,31010,73638,,,
768639,31010,73128,,,
768640,31010,73127,,,
768641,31010,76198,,,
768643,31010,69537,,,
768644,31010,77215,,,
768645,31010,68510,,,
768646,31010,68509,,,
768647,31010,77209,,,
768648,31010,75160,,,
768650,31010,77717,,,
768651,31010,77716,,,
768652,31010,66962,,,
768653,31010,66446,,,
768654,31010,75661,,,
768655,31010,67471,,,
768657,31010,67469,,,
768658,31010,68491,,,
768659,31010,67466,,,
768660,31010,74627,,,
768662,31010,70527,,,
768664,31010,68975,,,
768665,31010,66415,,,
768666,31010,68974,,,
768667,31010,76650,,,
768668,31010,77671,,,
768669,31010,68453,,,
768671,31010,74080,,,
768672,31010,73052,,,
768673,31010,68439,,,
768674,31010,73558,,,
768675,31010,77651,,,
768676,31010,68423,,,
768678,31010,70472,,,
768679,31010,72007,,,
768680,31010,67910,,,
768681,31010,74045,,,
768682,31010,69949,,,
768683,31010,66361,,,
768685,31010,66872,,,
768687,31010,69942,,,
768688,31010,66355,,,
1363362,53591,4784,,,
768690,31010,76069,,,
768691,31010,70947,,,
768692,31010,67350,,,
768694,31010,66326,,,
768696,31010,67860,,,
768697,31010,67343,,,
768698,31010,67344,,,
768699,31010,78095,,,
768701,31010,67338,,,
768702,31010,67337,,,
768703,31010,77060,,,
768704,31010,69378,,,
768705,31010,75000,,,
768706,31010,78069,,,
768708,31010,72943,,,
768709,31010,66282,,,
768710,31010,78059,,,
768711,31010,78058,,,
768712,31010,76521,,,
768713,31010,68836,,,
768715,31010,78050,,,
768716,31010,66271,,,
768717,31010,76508,,,
768718,31010,68303,,,
768720,31010,71884,,,
768722,31010,72905,,,
768723,31010,69318,,,
768724,31010,69316,,,
768725,31010,74948,,,
768726,31010,74945,,,
768727,31010,77504,,,
768729,31010,70328,,,
768730,31010,70834,,,
768731,31010,72876,,,
768732,31010,77482,,,
768733,31010,72873,,,
768734,31010,69284,,,
768736,31010,77468,,,
768737,31010,74903,,,
768738,31010,75412,,,
768739,31010,74899,,,
768740,31010,76435,,,
768741,31010,74898,,,
768743,31010,77452,,,
768745,31010,73859,,,
768746,31010,73858,,,
768747,31010,67709,,,
768748,31010,69754,,,
768750,31010,71290,,,
768751,31010,71289,,,
768752,31010,71288,,,
768753,31010,72311,,,
768754,31010,67186,,,
768755,31010,68721,,,
768757,31010,68206,,,
768758,31010,76393,,,
768759,31010,66664,,,
768760,31010,66151,,,
768761,31010,66150,,,
768762,31010,72289,,,
768764,31010,66651,,,
768765,31010,72281,,,
768766,31010,77400,,,
768767,31010,77910,,,
768769,31010,77906,,,
768771,31010,74319,,,
768772,31010,77390,,,
768773,31010,74829,,,
768774,31010,74828,,,
768775,31010,75336,,,
768776,31010,66631,,,
768778,31010,69119,,,
768779,31010,77307,,,
768780,31010,66548,,,
768781,31010,66547,,,
768782,31010,66545,,,
768783,31010,71659,,,
768785,31010,75749,,,
768786,31010,72163,,,
768787,31010,75746,,,
768788,31010,75738,,,
768789,31010,66515,,,
768790,31010,66514,,,
768792,31010,75727,,,
768794,31010,66114,,,
768795,31010,75840,,,
1363369,53591,91686,,,
768797,31010,71232,,,
768798,31010,73791,,,
768799,31010,68669,,,
768801,31010,76858,,,
768803,31010,77880,,,
768804,31010,69172,,,
768805,31010,75311,,,
768806,31010,75307,,,
768808,31010,73247,,,
768809,31010,69155,,,
768810,31010,70692,,,
768811,31010,67107,,,
768812,31010,69154,,,
768813,31010,67105,,,
768815,31010,75295,,,
768816,31010,77853,,,
768817,31010,73756,,,
768818,31010,73242,,,
768819,31010,67608,,,
768820,31010,73239,,,
768822,31010,66063,,,
768823,31010,67600,,,
768824,31010,67599,,,
768825,31010,73742,,,
768827,31010,73740,,,
768829,31010,74762,,,
768830,31010,76809,,,
768831,31010,73223,,,
768832,31010,69635,,,
768833,31010,74753,,,
768834,31010,74752,,,
768836,31011,98874,,,
768837,31012,67581,,,
768838,31012,71580,,,
768839,31012,74168,,,
768840,31012,74167,,,
768841,31012,72914,,,
768843,31012,73318,,,
768844,31012,77122,,,
768845,31012,74720,,,
768846,31026,2312,,,
768847,31026,2296,,,
768848,31015,75774,,,
768850,31015,66547,,,
768852,31015,71144,,,
768853,31015,68074,,,
768854,31015,71145,,,
768855,31015,71143,,,
768857,31015,68065,,,
768858,31015,77797,,,
768859,31015,68576,,,
768860,31015,69601,,,
768861,31015,75746,,,
768862,31015,75745,,,
768864,31015,74719,,,
768865,31015,68572,,,
768866,31015,75740,,,
768867,31015,75737,,,
768868,31015,74712,,,
768869,31015,75733,,,
768871,31015,75727,,,
768872,31015,75725,,,
768873,31015,75722,,,
768874,31015,73155,,,
768876,31015,68064,,,
768878,31015,75170,,,
768879,31015,72094,,,
768880,31015,75160,,,
768881,31015,71061,,,
768882,31015,72080,,,
768883,31015,67982,,,
768885,31015,66441,,,
768886,31015,67977,,,
768887,31015,68485,,,
768888,31015,75120,,,
768889,31015,66415,,,
768890,31015,74086,,,
768892,31015,70999,,,
768893,31015,69445,,,
768894,31015,70979,,,
768895,31015,70974,,,
768896,31015,66366,,,
768897,31015,70966,,,
768899,31015,77619,,,
768901,31015,78121,,,
768902,31015,76069,,,
1363376,53591,88971,,,
768904,31015,72980,,,
768905,31015,70934,,,
768906,31015,66326,,,
768908,31015,66324,,,
768910,31015,68874,,,
768911,31015,67328,,,
768912,31015,76029,,,
768913,31015,68855,,,
768915,31015,67810,,,
768916,31015,75488,,,
768917,31015,68312,,,
768918,31015,75985,,,
768919,31015,76497,,,
768920,31015,68304,,,
768922,31015,78030,,,
768923,31015,72909,,,
768924,31015,75980,,,
768925,31015,72906,,,
768926,31015,78025,,,
768927,31015,75972,,,
768929,31015,77496,,,
768930,31015,74422,,,
768931,31015,71347,,,
768932,31015,66738,,,
768934,31015,76435,,,
768936,31015,67708,,,
768937,31015,67705,,,
768938,31015,67702,,,
768939,31015,69236,,,
768940,31015,71786,,,
768941,31015,69226,,,
768943,31015,72800,,,
768944,31015,72793,,,
768945,31015,72281,,,
768946,31015,77397,,,
768947,31015,70227,,,
768948,31015,77906,,,
768950,31015,77904,,,
768951,31015,70223,,,
768952,31015,70222,,,
768953,31015,68677,,,
768954,31015,77889,,,
768955,31015,75841,,,
768957,31015,71228,,,
768959,31015,74804,,,
768960,31015,75314,,,
768961,31015,75309,,,
768962,31015,73770,,,
768964,31015,77352,,,
768965,31015,69664,,,
768966,31015,77342,,,
768967,31015,68124,,,
768968,31015,70675,,,
768969,31015,75792,,,
768971,31015,70664,,,
768972,31015,68100,,,
768973,31015,71172,,,
768974,31015,68097,,,
768975,31016,75377,,,
768976,31016,75374,,,
768978,31016,75369,,,
768979,31035,4733,,,
768980,31035,57467,,,
768981,31035,57466,,,
768983,31035,33651,,,
768985,31035,24946,,,
768986,31035,33777,,,
768987,31035,111,,,
768988,31035,5227,,,
768989,31035,62440,,,
768990,31035,65892,,,
768992,31035,33878,,,
768993,31035,30167,,,
768994,31035,86,,,
768995,31035,33747,,,
768996,31035,101453,,,
768997,31035,1352,,,
768999,31035,3519,,,
769000,31035,3386,,,
769001,31035,19761,,,
769002,31035,58289,,,
769003,31035,41904,,,
769004,31035,2863,,,
769006,31035,810,,,
769008,31035,803,,,
769009,31035,34207,,,
1363383,53591,61696,,,
769011,31035,285,,,
769012,31035,33560,,,
769013,31035,790,,,
769015,31035,2314,,,
769017,31017,77340,,,
769018,31017,70137,,,
769019,31017,68088,,,
769020,31017,75253,,,
769022,31017,69105,,,
769023,31017,74735,,,
769024,31017,73199,,,
769025,31017,73190,,,
769026,31017,75739,,,
769027,31017,76251,,,
769029,31017,72662,,,
769030,31017,69587,,,
769031,31017,67539,,,
769032,31017,72659,,,
769033,31017,72658,,,
769034,31017,74698,,,
769036,31017,75200,,,
769037,31017,72635,,,
769038,31017,72121,,,
769039,31017,69558,,,
769041,31017,69556,,,
769043,31017,76209,,,
769044,31017,70576,,,
769045,31017,76193,,,
769046,31017,66976,,,
769047,31017,71574,,,
769048,31017,67981,,,
769050,31017,68493,,,
769051,31017,67980,,,
769052,31017,67979,,,
769053,31017,74113,,,
769054,31017,68984,,,
769055,31017,75125,,,
769057,31017,69491,,,
769058,31017,72561,,,
769059,31017,76654,,,
769060,31017,72555,,,
769061,31017,74602,,,
769062,31017,72036,,,
769064,31017,75604,,,
769066,31017,67913,,,
769067,31017,73545,,,
769068,31017,69447,,,
769069,31017,78147,,,
769071,31017,76609,,,
769072,31017,75070,,,
769073,31017,78137,,,
769074,31017,75064,,,
769075,31017,69943,,,
769076,31017,76084,,,
769078,31017,76078,,,
769079,31017,75054,,,
769080,31017,67370,,,
769081,31017,67368,,,
769082,31017,69415,,,
769083,31017,76069,,,
769085,31017,76068,,,
769086,31017,78114,,,
769087,31017,69409,,,
769088,31017,78106,,,
769090,31017,67353,,,
769092,31017,66837,,,
769093,31017,66836,,,
769094,31017,78091,,,
769095,31017,78097,,,
769096,31017,75534,,,
769097,31017,78095,,,
769099,31017,66317,,,
769100,31017,67339,,,
769101,31017,69387,,,
769102,31017,78090,,,
769103,31017,72457,,,
769104,31017,72456,,,
769106,31017,76547,,,
769107,31017,76537,,,
769108,31017,76536,,,
769109,31017,76532,,,
769110,31017,75505,,,
769111,31017,67313,,,
769113,31017,73438,,,
769115,31017,71892,,,
769116,31017,75987,,,
1363390,53592,75355,,,
769118,31017,75985,,,
769119,31017,69321,,,
769120,31017,67272,,,
769122,31017,75972,,,
769124,31017,66745,,,
769125,31017,69813,,,
769126,31017,68277,,,
769127,31017,68276,,,
769129,31017,76978,,,
769130,31017,76977,,,
769131,31017,76463,,,
769132,31017,69289,,,
769133,31017,76968,,,
769134,31017,68263,,,
769136,31017,75421,,,
769137,31017,71161,,,
769138,31017,76935,,,
769139,31017,71301,,,
769140,31017,76932,,,
769141,31017,69249,,,
769143,31017,74866,,,
769144,31017,72818,,,
769145,31017,70768,,,
769146,31017,74862,,,
769148,31017,74349,,,
769150,31017,73321,,,
769151,31017,69721,,,
769152,31017,68183,,,
769153,31017,69202,,,
769154,31017,69201,,,
769155,31017,69200,,,
769157,31017,75336,,,
769158,31017,75337,,,
769159,31017,73800,,,
769160,31017,74302,,,
769161,31017,77893,,,
769162,31017,74304,,,
769164,31017,66114,,,
769165,31017,73790,,,
769166,31017,74814,,,
769167,31017,74815,,,
769168,31017,75838,,,
769169,31017,73789,,,
769171,31017,72249,,,
769173,31017,74297,,,
769174,31017,76336,,,
769175,31017,67636,,,
769176,31017,73268,,,
769178,31017,66097,,,
769179,31017,69683,,,
769180,31017,66096,,,
769181,31017,70705,,,
769182,31017,76848,,,
769183,31017,74286,,,
769185,31017,75816,,,
769186,31017,76327,,,
769187,31017,67109,,,
769188,31017,73759,,,
769189,31017,76835,,,
769190,31017,76322,,,
769192,31017,69664,,,
769193,31017,73758,,,
769194,31017,75294,,,
769195,31017,75293,,,
769197,31017,73755,,,
769199,31017,74263,,,
769200,31017,68119,,,
769201,31017,73238,,,
769202,31017,73749,,,
769203,31017,75788,,,
769204,31017,72202,,,
769206,31017,74246,,,
769207,31017,76801,,,
769208,31020,70653,,,
769209,31020,70137,,,
769210,31020,73199,,,
769211,31020,75739,,,
769213,31020,70092,,,
769214,31020,66501,,,
769215,31020,70086,,,
769216,31020,70085,,,
769217,31020,72635,,,
769218,31020,75194,,,
769220,31020,70576,,,
769222,31020,77745,,,
769223,31020,73136,,,
1363395,53592,67667,,,
769225,31020,77230,,,
769226,31020,77227,,,
769227,31020,68005,,,
769229,31020,76189,,,
769231,31020,75152,,,
769232,31020,67981,,,
769233,31020,67980,,,
769234,31020,67979,,,
769236,31020,67971,,,
769237,31020,72057,,,
769238,31020,72051,,,
769239,31020,72557,,,
769240,31020,72043,,,
769241,31020,72549,,,
769243,31020,68445,,,
769244,31020,74586,,,
769245,31020,67409,,,
769246,31020,75086,,,
769247,31020,73545,,,
769248,31020,78147,,,
769250,31020,76609,,,
769251,31020,76607,,,
769252,31020,76605,,,
769253,31020,66359,,,
769255,31020,76078,,,
769257,31020,72488,,,
769258,31020,69415,,,
769259,31020,66341,,,
769260,31020,76069,,,
769261,31020,76068,,,
769262,31020,72480,,,
769264,31020,66836,,,
769265,31020,67341,,,
769266,31020,72457,,,
769267,31020,67336,,,
769268,31020,72967,,,
769269,31020,77061,,,
769271,31020,76532,,,
769272,31020,75505,,,
769273,31020,77039,,,
769274,31020,66770,,,
769275,31020,70844,,,
769276,31020,69818,,,
769278,31020,69813,,,
769280,31020,70833,,,
769281,31020,69807,,,
769282,31020,70831,,,
769283,31020,76968,,,
769285,31020,76933,,,
769286,31020,72323,,,
769287,31020,69249,,,
769288,31020,73321,,,
769289,31020,70751,,,
769290,31020,76376,,,
769292,31020,67155,,,
769293,31020,76879,,,
769294,31020,75838,,,
769295,31020,74812,,,
769296,31020,68665,,,
769297,31020,70705,,,
769299,31020,76335,,,
769300,31020,72740,,,
769301,31020,72731,,,
769302,31020,68118,,,
769304,31020,74246,,,
769306,30970,83188,,,
769307,30970,83187,,,
769308,30970,91376,,,
769309,30970,82928,,,
769310,30970,86382,,,
769311,30970,85090,,,
769313,30970,84991,,,
769314,30970,84949,,,
769315,30970,88913,,,
769316,30970,85456,,,
769317,30970,78800,,,
769318,30970,84039,,,
769320,30970,84035,,,
769321,30970,84034,,,
769322,30970,80831,,,
769323,30970,91438,,,
769324,30970,89256,,,
769325,30970,89237,,,
769327,30970,84626,,,
769329,30970,91403,,,
769330,30970,82570,,,
1363399,53592,59340,,,
769332,31024,75163,,,
769333,31024,74712,,,
769334,31024,66359,,,
769336,31024,71347,,,
769338,31024,67978,,,
769339,31024,71145,,,
769340,31024,72549,,,
769341,31024,71172,,,
769343,31025,75134,,,
769344,31025,75132,,,
769345,31025,75130,,,
769346,31025,75129,,,
769347,31025,74936,,,
769348,31025,72662,,,
769350,31025,66055,,,
769351,31025,72805,,,
769352,31025,72803,,,
769353,31025,72802,,,
769354,31025,78082,,,
769355,31025,74688,,,
769357,101638,82569,,,
769358,101638,94065,,,
769359,31027,76409,,,
769360,31027,76536,,,
769362,31027,74864,,,
769364,31027,66031,,,
769365,31027,76398,,,
769366,31027,76521,,,
769367,31027,67815,,,
769368,31027,73318,,,
769369,31027,72036,,,
769371,31027,74066,,,
769372,31027,72914,,,
769373,31027,77393,,,
769374,31027,68045,,,
769375,31027,74311,,,
769376,31027,69702,,,
769378,31027,77122,,,
769379,31027,73793,,,
769380,31027,75070,,,
769381,31027,73780,,,
769382,31027,73268,,,
769383,31027,71346,,,
769385,31027,68393,,,
769387,31027,72735,,,
769388,31027,66076,,,
769389,31027,71574,,,
769390,31027,74134,,,
769392,31027,72456,,,
769393,31027,74118,,,
769394,31027,76547,,,
769395,31027,66561,,,
769396,31028,71327,,,
769397,31028,71358,,,
769399,31028,76057,,,
769400,31028,73780,,,
769401,31028,70781,,,
769402,31028,77428,,,
769403,31028,77075,,,
769404,31028,66605,,,
769406,31028,75308,,,
769407,31028,72204,,,
769408,31028,69896,,,
769409,31028,73384,,,
769411,31028,71204,,,
769413,31028,73217,,,
769414,31029,18703,,,
769415,31029,33786,,,
769416,31029,58359,,,
769417,31029,48629,,,
769418,31029,57317,,,
769420,31029,22498,,,
769421,31029,5088,,,
769422,31029,30167,,,
769423,31029,33747,,,
769424,31029,3021,,,
769425,31029,63949,,,
769427,31029,30144,,,
769428,31029,41904,,,
769429,31029,4527,,,
769430,31029,31661,,,
769431,31029,34219,,,
769432,31029,33707,,,
769434,31029,27044,,,
769436,31029,27552,,,
769437,31029,27551,,,
1363406,53592,74044,,,
769439,31029,33689,,,
769440,31029,57241,,,
769441,31029,32660,,,
769443,31029,41359,,,
769445,31029,20874,,,
769446,31029,393,,,
769447,31029,42853,,,
769448,31029,19811,,,
769450,31029,58196,,,
769451,31029,58188,,,
769452,31029,842,,,
769453,31029,33595,,,
769454,31029,33593,,,
769455,31029,5433,,,
769457,31029,19761,,,
769458,31029,57648,,,
769459,31029,46382,,,
769460,31029,31021,,,
769461,31029,33579,,,
769462,31029,810,,,
769464,31029,1318,,,
769465,31029,1317,,,
769466,31029,803,,,
769467,31029,34080,,,
769469,31029,23326,,,
769471,31029,31003,,,
769472,31029,57114,,,
769473,31029,27415,,,
769474,31029,790,,,
769475,31029,27915,,,
769476,31029,2311,,,
769478,31029,24317,,,
769479,31029,252,,,
769480,31029,763,,,
769481,31029,22771,,,
769482,31029,4338,,,
769483,31029,57582,,,
769485,31029,65753,,,
769486,31029,18131,,,
769487,31029,61643,,,
769488,31029,101577,,,
769489,31029,1726,,,
769490,31029,24752,,,
769492,31029,30368,,,
769494,31029,18579,,,
769495,31029,30348,,,
769496,31029,3720,,,
769497,31029,22151,,,
769499,31029,125,,,
769500,31029,633,,,
769501,31029,631,,,
769502,31029,58485,,,
769503,31029,57971,,,
769504,31029,113,,,
769506,31029,61550,,,
769507,31029,5227,,,
769508,31029,3690,,,
769509,31029,30305,,,
769510,31029,95,,,
769511,31029,29277,,,
769513,31029,49235,,,
769514,31029,24654,,,
769515,31029,79,,,
769516,31029,78,,,
769518,31029,38981,,,
769520,31029,1598,,,
769521,31029,28218,,,
769522,31029,1595,,,
769523,31029,1594,,,
769524,31029,31276,,,
769525,31029,47638,,,
769527,31029,12,,,
769528,31029,16389,,,
769529,31029,16390,,,
769530,31029,29701,,,
769531,31029,16388,,,
769532,31029,29696,,,
769534,31030,69149,,,
769535,31030,74712,,,
769536,31030,70675,,,
769537,31030,71347,,,
769538,31030,71022,,,
769539,31030,71054,,,
769541,31030,71014,,,
769543,31030,68074,,,
769544,31030,71145,,,
1363413,53592,87706,,,
769546,31030,70531,,,
769547,31030,72805,,,
769548,31030,72965,,,
769550,31030,71011,,,
769552,31032,76796,,,
769553,31032,66548,,,
769554,31032,66547,,,
769555,31032,66546,,,
769557,31032,71141,,,
769558,31032,77796,,,
769559,31032,73187,,,
769560,31032,75746,,,
769561,31032,75734,,,
769562,31032,76241,,,
769564,31032,75725,,,
769565,31032,75722,,,
769566,31032,70596,,,
769567,31032,75712,,,
769568,31032,70073,,,
769569,31032,77230,,,
769571,31032,75171,,,
769572,31032,73634,,,
769573,31032,76190,,,
769574,31032,76189,,,
769576,31032,77715,,,
769578,31032,76172,,,
769579,31032,70529,,,
769580,31032,76163,,,
769581,31032,73602,,,
769582,31032,76161,,,
769583,31032,77178,,,
769585,31032,77175,,,
769586,31032,77174,,,
769587,31032,73077,,,
769588,31032,67956,,,
769589,31032,73579,,,
769590,31032,70506,,,
769592,31032,76129,,,
769593,31032,76128,,,
769594,31032,70496,,,
769595,31032,68447,,,
769596,31032,66393,,,
769597,31032,68438,,,
769599,31032,73551,,,
769601,31032,69953,,,
769602,31032,76089,,,
769603,31032,76081,,,
769604,31032,70961,,,
769606,31032,66326,,,
769607,31032,66324,,,
769608,31032,76050,,,
769609,31032,66319,,,
769610,31032,76043,,,
769611,31032,73981,,,
769613,31032,76529,,,
769614,31032,68848,,,
769615,31032,77039,,,
769616,31032,66282,,,
769617,31032,73449,,,
769618,31032,75476,,,
769620,31032,78025,,,
769621,31032,75971,,,
769622,31032,77505,,,
769623,31032,77504,,,
769625,31032,75953,,,
769627,31032,69293,,,
769628,31032,75949,,,
769629,31032,69803,,,
769630,31032,69802,,,
769631,31032,69284,,,
769632,31032,69795,,,
769634,31032,75930,,,
769635,31032,75929,,,
769636,31032,75928,,,
769637,31032,76435,,,
769638,31032,72332,,,
769639,31032,69766,,,
769641,31032,74878,,,
769642,31032,74872,,,
769643,31032,72310,,,
769644,31032,72307,,,
769645,31032,67698,,,
769646,31032,76397,,,
769648,31032,76387,,,
769650,31032,76380,,,
769651,31032,72281,,,
1363420,53605,14027,,,
769653,31032,70741,,,
769654,31032,77906,,,
769655,31032,76370,,,
769657,31032,75853,,,
769659,31032,74823,,,
769660,31032,69700,,,
769661,31032,75840,,,
769662,31032,73275,,,
769664,31032,73267,,,
769665,31032,66093,,,
769666,31032,75306,,,
769667,31032,75815,,,
769668,31032,75808,,,
769669,31032,68635,,,
769671,31032,70171,,,
769672,31032,70170,,,
769673,31032,75798,,,
769674,31032,77323,,,
769675,31033,73919,,,
769676,31033,67037,,,
769678,31033,66969,,,
769679,31033,67031,,,
769680,31033,75933,,,
769681,31033,66227,,,
769683,31033,67027,,,
769685,31033,72878,,,
769686,31033,67022,,,
769687,31033,67883,,,
769688,31033,67020,,,
769689,31033,67019,,,
769690,31033,76522,,,
769692,31033,76196,,,
769693,31033,67043,,,
769694,31034,67711,,,
769695,31034,67710,,,
769696,31034,67709,,,
769697,31034,66932,,,
769699,31034,67180,,,
769700,31034,72039,,,
769701,31034,71513,,,
769702,31034,78038,,,
769703,31034,71510,,,
769704,31034,72777,,,
769706,31034,72772,,,
769708,31034,75278,,,
769709,31034,75277,,,
769710,31034,68487,,,
769711,31034,66182,,,
769713,31034,67713,,,
769714,31034,66178,,,
769715,31034,66177,,,
769716,31036,72439,,,
769717,31036,77704,,,
769718,77032,58271,,,
769720,77032,90583,,,
769721,77032,59348,,,
769722,77032,3539,,,
769723,77032,65168,,,
769724,77032,37568,,,
769725,31038,73756,,,
769727,31038,66709,,,
769728,31038,74290,,,
769729,31038,68496,,,
769730,31038,74224,,,
769732,31038,74283,,,
769734,31040,77906,,,
769735,31040,66547,,,
769736,31040,66326,,,
769737,31040,66548,,,
769738,31040,66324,,,
769739,31040,76435,,,
769741,31040,70961,,,
769742,31040,77904,,,
769743,31040,75727,,,
769744,31040,75725,,,
769745,31040,75306,,,
769746,31040,66282,,,
769748,31040,78025,,,
769749,31040,73638,,,
769750,31040,69284,,,
769751,31040,75746,,,
769752,31040,75840,,,
769753,31040,77504,,,
769755,31041,67070,,,
769757,31041,69754,,,
769758,31041,78069,,,
1363427,53613,22545,,,
769760,31041,67186,,,
769761,31041,66545,,,
769762,31041,73328,,,
769764,31041,68974,,,
769766,31041,67050,,,
769767,31041,68836,,,
769768,31041,77691,,,
769769,31041,78050,,,
769771,31041,76508,,,
769772,31041,77651,,,
769773,31041,76370,,,
769774,31041,66512,,,
769775,31041,77390,,,
769776,31041,68423,,,
769778,31041,73157,,,
769779,31041,73283,,,
769780,31041,73662,,,
769781,31041,73148,,,
769782,31041,68411,,,
769783,31041,66361,,,
769785,31041,66355,,,
769786,31041,66994,,,
769787,31041,66991,,,
769788,31041,77480,,,
769790,31041,76069,,,
769792,31041,73247,,,
769793,31041,73248,,,
769794,31041,69537,,,
769795,31041,77470,,,
769796,31041,77215,,,
769797,31041,68510,,,
769799,31041,77468,,,
769800,31041,75160,,,
769801,31041,74903,,,
769802,31041,75412,,,
769803,31041,74899,,,
769804,31041,74898,,,
769806,31041,66063,,,
769807,31041,66446,,,
769808,31041,73740,,,
769809,31041,73223,,,
769810,31041,66565,,,
769811,31041,68482,,,
769813,31058,3848,,,
769815,31043,74195,,,
769816,31043,73036,,,
769817,31043,70665,,,
769818,31043,77702,,,
769820,31043,72130,,,
769821,31043,72129,,,
769822,31044,66939,,,
769823,31044,66935,,,
769824,31044,77429,,,
769825,31044,67955,,,
769827,31044,70896,,,
769828,31044,75118,,,
769829,31044,75242,,,
769830,31044,72677,,,
769831,31044,77924,,,
769832,31044,73571,,,
769834,31044,74460,,,
769835,31044,75869,,,
769836,31044,74461,,,
769837,31044,68444,,,
769839,31044,74458,,,
769841,31044,74455,,,
769842,31044,75089,,,
769843,31044,70607,,,
769844,31044,78150,,,
769845,31044,76606,,,
769846,31044,74171,,,
769848,31044,71217,,,
769849,31044,77226,,,
769850,31044,68393,,,
769851,31044,77736,,,
769852,31044,77734,,,
769853,31044,76704,,,
769855,31044,72728,,,
769856,31044,75289,,,
769857,31044,70552,,,
769858,31044,72726,,,
769859,31044,75157,,,
769860,31044,77584,,,
769862,31044,67470,,,
769864,31044,73227,,,
769865,31044,67463,,,
1363434,53640,30518,,,
769867,31045,72191,,,
769868,31045,72190,,,
769869,31045,76537,,,
769871,31045,74224,,,
769873,31045,76982,,,
769874,31045,70515,,,
769875,31045,67698,,,
769876,31045,66031,,,
769878,31045,74479,,,
769879,31045,74477,,,
769880,31045,74989,,,
769881,31045,75754,,,
769882,31045,72036,,,
769883,31045,72677,,,
769885,31045,70884,,,
769886,31045,75070,,,
769887,31045,68066,,,
769888,31045,74849,,,
769889,31045,68064,,,
769890,31045,74965,,,
769892,31045,74964,,,
769893,31045,78035,,,
769894,31045,72657,,,
769895,31045,73809,,,
769897,31045,75200,,,
769899,31045,74821,,,
769900,31045,75845,,,
769901,31045,74947,,,
769902,31045,72643,,,
769903,31045,75074,,,
769904,31045,70587,,,
769906,31045,70328,,,
769907,31045,77501,,,
769908,31045,66877,,,
769909,31045,77500,,,
769910,31045,72632,,,
769911,31045,68919,,,
769913,31045,68920,,,
769914,31045,67895,,,
769915,31045,66358,,,
769916,31045,69429,,,
769917,31045,76084,,,
769918,31045,70705,,,
769920,31045,73649,,,
769922,31045,74283,,,
769923,31045,71719,,,
769924,31045,70818,,,
769925,31045,70817,,,
769927,31045,73759,,,
769928,31045,71071,,,
769929,31045,73756,,,
769930,31045,75291,,,
769931,31045,66073,,,
769932,31045,66709,,,
769934,31045,76181,,,
769935,31045,68496,,,
769936,31045,75151,,,
769937,31045,75154,,,
769938,31045,75152,,,
769939,31045,69392,,,
769941,31045,69390,,,
769942,31045,74290,,,
769943,31045,72456,,,
769944,31045,68872,,,
769946,31045,67972,,,
769948,31045,76547,,,
769949,31045,70145,,,
769950,31045,74368,,,
769951,31047,77690,,,
769952,31047,74870,,,
769953,31047,70761,,,
769955,31047,67285,,,
769956,31047,75084,,,
769957,31047,71884,,,
769958,31047,75082,,,
769959,31047,75081,,,
769960,31047,67521,,,
769962,31047,77881,,,
769963,31047,74425,,,
769964,31047,75190,,,
769965,31047,68021,,,
769966,31047,68020,,,
769967,31047,69925,,,
769969,31047,67870,,,
769971,31047,78106,,,
769972,31047,78105,,,
1363441,53640,63208,,,
769974,31047,67350,,,
769975,31047,67860,,,
769976,31047,74639,,,
769978,31047,67343,,,
769980,31047,67338,,,
769981,31047,75275,,,
769982,31047,67466,,,
769983,31047,67337,,,
769985,31047,74627,,,
769986,31047,73858,,,
769987,31047,67329,,,
769988,31048,77818,,,
769989,31048,70009,,,
769990,31048,77684,,,
769992,31048,71138,,,
769993,31048,68961,,,
769994,31048,77817,,,
769995,31048,78039,,,
769996,31048,75860,,,
769997,31048,74067,,,
769999,31048,75965,,,
770000,31048,71741,,,
770001,31048,66234,,,
770002,31048,73272,,,
770004,31048,73908,,,
770006,31048,76965,,,
770007,31048,77092,,,
770008,31048,77087,,,
770009,31048,70549,,,
770010,31048,77577,,,
770011,31048,77576,,,
770013,31049,71659,,,
770014,31049,69593,,,
770015,31049,68568,,,
770016,31049,69077,,,
770017,31049,66515,,,
770018,31049,66514,,,
770020,31049,70085,,,
770021,31049,76229,,,
770022,31049,75716,,,
770023,31049,70076,,,
770024,31049,77243,,,
770025,31049,69551,,,
770027,31049,73128,,,
770029,31049,76198,,,
770030,31049,67492,,,
770031,31049,76707,,,
770032,31049,77209,,,
770034,31049,77717,,,
770035,31049,77716,,,
770036,31049,67471,,,
770037,31049,75150,,,
770038,31049,67469,,,
770039,31049,68491,,,
770041,31049,69483,,,
770042,31049,76650,,,
770043,31049,69479,,,
770044,31049,68453,,,
770045,31049,77667,,,
770046,31049,69981,,,
770048,31049,76102,,,
770049,31049,72008,,,
770050,31049,72007,,,
770051,31049,67910,,,
770053,31049,76091,,,
770055,31049,66872,,,
770056,31049,66871,,,
770057,31049,69942,,,
770058,31049,69929,,,
770059,31049,69927,,,
770060,31049,72483,,,
770062,31049,70941,,,
770063,31049,69916,,,
770064,31049,69915,,,
770065,31049,76057,,,
770066,31049,70937,,,
770067,31049,69912,,,
770069,31049,73995,,,
770070,31049,69897,,,
770071,31049,69894,,,
770072,31049,69892,,,
770073,31049,67327,,,
770074,31049,69885,,,
770076,31049,75507,,,
770078,31049,75501,,,
770079,31049,78059,,,
1363448,53616,81391,,,
770081,31049,76521,,,
770082,31049,70370,,,
770083,31049,73442,,,
770085,31049,74463,,,
770087,31049,75476,,,
770088,31049,69318,,,
770089,31049,69316,,,
770090,31049,74948,,,
770092,31049,75453,,,
770093,31049,74940,,,
770094,31049,68780,,,
770095,31049,75439,,,
770096,31049,69295,,,
770097,31049,72876,,,
770099,31049,69292,,,
770100,31049,77482,,,
770101,31049,69290,,,
770102,31049,71849,,,
770103,31049,68263,,,
770104,31049,75429,,,
770106,31049,67725,,,
770107,31049,70279,,,
770108,31049,73858,,,
770109,31049,75390,,,
770111,31049,71290,,,
770113,31049,71288,,,
770114,31049,70262,,,
770115,31049,70261,,,
770116,31049,66150,,,
770117,31049,69213,,,
770118,31049,66651,,,
770120,31049,74319,,,
770121,31049,69197,,,
770122,31049,75326,,,
770123,31049,76860,,,
770124,31049,71227,,,
770125,31049,76858,,,
770127,31049,74806,,,
770128,31049,69172,,,
770129,31049,69682,,,
770130,31049,77872,,,
770131,31049,67117,,,
770132,31049,69672,,,
770134,31049,70692,,,
770136,31049,69154,,,
770137,31049,67105,,,
770138,31049,75295,,,
770139,31049,67608,,,
770141,31049,67599,,,
770142,31049,76811,,,
770143,31049,74762,,,
770144,31049,70149,,,
770145,31049,74752,,,
770146,31050,77303,,,
770148,31050,69103,,,
770149,31050,77804,,,
770150,31050,66538,,,
770151,31050,73189,,,
770152,31050,69086,,,
770153,31050,77789,,,
770155,31050,67546,,,
770156,31050,77785,,,
770157,31050,77781,,,
770158,31050,76757,,,
770160,31050,68559,,,
770162,31050,75707,,,
770163,31050,68530,,,
770164,31050,67505,,,
770165,31050,66480,,,
770166,31050,76713,,,
770167,31050,67497,,,
770169,31050,77220,,,
770170,31050,69529,,,
770171,31050,73619,,,
770172,31050,74119,,,
770173,31050,77681,,,
770174,31050,73580,,,
770176,31050,77138,,,
770177,31050,77137,,,
770178,31050,77649,,,
770179,31050,77612,,,
770180,31050,76577,,,
770181,31050,75040,,,
770183,31050,76566,,,
770185,31050,76554,,,
770186,31050,76549,,,
1363455,53616,88896,,,
770188,31050,67827,,,
770189,31050,73439,,,
770190,31050,76506,,,
770192,31050,75984,,,
770194,31050,78023,,,
770195,31050,77502,,,
770196,31050,77498,,,
770197,31050,77490,,,
770199,31050,77478,,,
770200,31050,77470,,,
770201,31050,71325,,,
770202,31050,77467,,,
770203,31050,66201,,,
770204,31050,77455,,,
770206,31050,75912,,,
770207,31050,77448,,,
770208,31050,77446,,,
770209,31050,73347,,,
770210,31050,77436,,,
770211,31050,77435,,,
770213,31050,77941,,,
770214,31050,77426,,,
770215,31050,77938,,,
770216,31050,67186,,,
770218,31050,77409,,,
770220,31050,77919,,,
770221,31050,77918,,,
770222,31050,77917,,,
770223,31050,77404,,,
770224,31050,67675,,,
770225,31050,77401,,,
770227,31050,66631,,,
770228,31050,69111,,,
770229,31050,77370,,,
770230,31050,74808,,,
770231,31050,77870,,,
770232,31050,74797,,,
770234,31050,76319,,,
770235,31050,72726,,,
770236,31050,70163,,,
770237,31050,74765,,,
770238,31050,73728,,,
770239,31053,68031,,,
770241,31053,73529,,,
770243,31053,70137,,,
770244,31053,69143,,,
770245,31053,75318,,,
770246,31053,72584,,,
770248,31053,68867,,,
770249,31053,68034,,,
770250,31054,68506,,,
770251,31054,76029,,,
770252,31054,68507,,,
770253,31054,67706,,,
770255,31054,68499,,,
770256,31054,67985,,,
770257,31054,74126,,,
770258,31054,66475,,,
770259,31054,67973,,,
770260,31054,71717,,,
770262,31054,77729,,,
770263,31054,74849,,,
770264,31054,74688,,,
770265,31055,68031,,,
770267,31055,73529,,,
770269,31055,70137,,,
770270,31055,69143,,,
770271,31055,75318,,,
770272,31055,72584,,,
770273,31055,72582,,,
770274,31055,68867,,,
770276,31056,74719,,,
770277,31056,76318,,,
770278,31056,76027,,,
770279,31056,72798,,,
770280,31056,76440,,,
770281,31056,77593,,,
770283,31056,70707,,,
770284,31056,71727,,,
770285,31056,71151,,,
770286,31056,67535,,,
770287,31056,68582,,,
770288,31056,71579,,,
770290,31056,72793,,,
770292,31057,76598,,,
770293,31057,68527,,,
1363462,53606,71547,,,
770295,31057,71720,,,
770296,31057,71718,,,
770297,31057,71713,,,
770299,31059,67454,,,
770301,31059,74939,,,
770302,31059,75194,,,
770303,31059,72406,,,
770304,31059,68027,,,
770306,31059,74250,,,
770307,31059,72040,,,
770308,31059,72679,,,
770309,31059,72707,,,
770310,31059,74947,,,
770311,31059,72706,,,
770313,31060,71291,,,
770314,31060,70778,,,
770315,31060,76536,,,
770316,31060,66295,,,
770317,31060,73077,,,
770318,31060,77039,,,
770320,31060,76392,,,
770321,31060,74857,,,
770322,31060,76136,,,
770323,31060,70669,,,
770325,31060,77796,,,
770327,31060,70498,,,
770328,31060,77536,,,
770329,31060,72538,,,
770330,31060,73688,,,
770331,31060,78029,,,
770332,31060,72907,,,
770334,31060,66249,,,
770335,31060,71751,,,
770336,31060,67013,,,
770337,31060,71749,,,
770338,31060,72384,,,
770339,31060,77889,,,
770341,31060,77247,,,
770342,31060,77246,,,
770343,31060,71357,,,
770344,31060,77243,,,
770345,31060,74810,,,
770346,31060,71473,,,
770348,31060,77197,,,
770350,31060,75180,,,
770351,31060,68136,,,
770352,31060,69158,,,
770353,31060,70437,,,
770355,31060,73122,,,
770356,31060,71197,,,
770357,31060,76052,,,
770358,31060,77719,,,
770359,31060,76312,,,
770360,31060,76311,,,
770362,31060,71188,,,
770363,31060,76180,,,
770364,31060,66835,,,
770365,31060,66834,,,
770366,31060,66833,,,
770367,31060,66832,,,
770369,31060,66830,,,
770370,31060,77196,,,
770371,31060,77324,,,
770372,31060,70779,,,
770374,31060,71175,,,
770376,31060,72196,,,
770377,31077,87335,,,
770378,31077,91646,,,
770379,31077,82253,,,
770380,31077,89907,,,
770381,31077,83698,,,
770383,31042,16374,,,
770384,31042,3766,,,
770385,31042,30797,,,
770386,31042,60075,,,
770387,31042,905,,,
770388,31042,38817,,,
770390,31063,49030,,,
770391,31063,58428,,,
770392,31063,59427,,,
770393,31063,33738,,,
770394,31063,1490,,,
770395,31065,68094,,,
770397,31065,72188,,,
770399,31065,72314,,,
770400,31065,78067,,,
1363469,53606,70350,,,
770402,31065,67569,,,
770403,31065,67568,,,
770404,31065,67567,,,
770406,31065,67177,,,
770408,31065,73318,,,
770409,31065,73958,,,
770410,31065,68064,,,
770411,31065,68066,,,
770413,31065,68576,,,
770414,31065,71777,,,
770415,31065,71776,,,
770416,31065,71007,,,
770417,31065,70999,,,
770418,31065,75983,,,
770420,31065,75980,,,
770421,31065,70214,,,
770422,31065,70979,,,
770423,31065,73155,,,
770424,31065,77500,,,
770425,31065,66366,,,
770427,31065,75708,,,
770428,31065,72123,,,
770429,31065,68919,,,
770430,31065,66359,,,
770432,31065,70966,,,
770434,31065,67378,,,
770435,31065,70961,,,
770436,31065,73770,,,
770437,31065,76836,,,
770438,31065,67360,,,
770439,31065,78101,,,
770441,31065,72980,,,
770442,31065,67982,,,
770443,31065,67977,,,
770444,31065,71172,,,
770445,31065,68100,,,
770446,31065,72836,,,
770448,31065,68097,,,
770449,31065,68096,,,
770450,31067,72636,,,
770451,31067,71130,,,
770452,31067,77206,,,
770453,31067,75093,,,
770455,31067,71823,,,
770457,31067,68391,,,
770458,31067,73829,,,
770459,31067,67719,,,
770460,31067,68390,,,
770462,31067,73860,,,
770463,31067,66369,,,
770464,31089,2399,,,
770465,31089,2428,,,
770466,31089,2395,,,
770467,31089,86,,,
770469,31089,24881,,,
770470,31089,37932,,,
770471,31089,2351,,,
770472,31089,1262,,,
770473,31089,20269,,,
770474,31089,300,,,
770476,31089,4202,,,
770477,31089,37893,,,
770478,31089,3460,,,
770479,31089,1027,,,
770481,31070,69119,,,
770483,31070,68086,,,
770484,31070,69109,,,
770485,31070,71155,,,
770486,31070,73191,,,
770487,31070,72677,,,
770488,31070,74720,,,
770490,31070,75224,,,
770491,31070,74706,,,
770492,31070,75217,,,
770493,31070,76239,,,
770494,31070,67013,,,
770495,31070,76728,,,
770497,31070,72630,,,
770498,31070,77748,,,
770499,31070,70576,,,
770500,31070,77743,,,
770501,31070,66987,,,
770502,31070,77734,,,
770504,31070,66460,,,
770506,31070,74129,,,
770507,31070,77711,,,
1363476,53606,68800,,,
770509,31070,76168,,,
770510,31070,71559,,,
770511,31070,68481,,,
770513,31070,74609,,,
770515,31070,70995,,,
770516,31070,76110,,,
770517,31070,76109,,,
770518,31070,67396,,,
770520,31070,72004,,,
770521,31070,77122,,,
770522,31070,75074,,,
770523,31070,75073,,,
770524,31070,75063,,,
770525,31070,76087,,,
770527,31070,66354,,,
770528,31070,68400,,,
770529,31070,68399,,,
770530,31070,73002,,,
770531,31070,69927,,,
770532,31070,66847,,,
770534,31070,68880,,,
770535,31070,67852,,,
770536,31070,68875,,,
770537,31070,76545,,,
770539,31070,73458,,,
770541,31070,72942,,,
770542,31070,71918,,,
770543,31070,71917,,,
770544,31070,71916,,,
770545,31070,72424,,,
770546,31070,71913,,,
770548,31070,71909,,,
770549,31070,71907,,,
770550,31070,71905,,,
770551,31070,74168,,,
770552,31070,73951,,,
770553,31070,78034,,,
770555,31070,71366,,,
770556,31070,71365,,,
770557,31070,66753,,,
770558,31070,77497,,,
770559,31070,72375,,,
770560,31070,76981,,,
770562,31070,76447,,,
770564,31070,68726,,,
770565,31070,73318,,,
770566,31070,76900,,,
770567,31070,66136,,,
770569,31070,72280,,,
770570,31070,66134,,,
770571,31070,66645,,,
770572,31070,70739,,,
770573,31070,76879,,,
770574,31070,75852,,,
770576,31070,70730,,,
770577,31070,69187,,,
770578,31070,69174,,,
770579,31070,73269,,,
770580,31070,66604,,,
770581,31070,73252,,,
770583,31070,74783,,,
770584,31070,72734,,,
770585,31070,70683,,,
770586,31070,73751,,,
770588,31070,73237,,,
770590,31070,75794,,,
770591,31070,70162,,,
770592,31070,75274,,,
770593,31070,67077,,,
770594,31071,75134,,,
770595,31071,75130,,,
770597,31071,74936,,,
770598,31071,76371,,,
770599,31071,78082,,,
770600,31072,73211,,,
770601,31072,73210,,,
770602,31072,70009,,,
770604,31072,68707,,,
770605,31072,66269,,,
770606,31072,68701,,,
770607,31072,68700,,,
770608,31072,69083,,,
770609,31072,69075,,,
770611,31072,68940,,,
770613,31072,69450,,,
770614,31072,68913,,,
1363483,53606,70180,,,
770616,31072,68908,,,
770617,31072,69161,,,
770618,31072,69160,,,
770620,31072,68508,,,
770622,31072,69136,,,
770623,31072,75398,,,
770624,31072,68613,,,
770625,31072,68609,,,
770627,31073,66686,,,
770628,31073,77429,,,
770629,31073,67955,,,
770630,31073,66800,,,
770631,31073,70641,,,
770632,31073,70896,,,
770634,31073,67693,,,
770635,31073,67690,,,
770636,31073,75242,,,
770637,31073,66526,,,
770638,31073,72804,,,
770639,31073,72677,,,
770641,31073,73571,,,
770642,31073,67677,,,
770643,31073,77921,,,
770644,31073,66527,,,
770646,31073,75869,,,
770648,31073,68444,,,
770649,31073,77915,,,
770650,31073,74458,,,
770651,31073,73688,,,
770652,31073,74455,,,
770653,31073,75089,,,
770655,31073,68803,,,
770656,31073,66755,,,
770657,31073,76606,,,
770658,31073,73276,,,
770659,31073,74171,,,
770660,31073,68274,,,
770662,31073,77226,,,
770663,31073,68393,,,
770664,31073,77736,,,
770665,31073,77734,,,
770666,31073,69280,,,
770667,31073,76704,,,
770669,31073,72605,,,
770671,31073,75289,,,
770672,31073,70552,,,
770673,31073,72726,,,
770674,31073,75157,,,
770676,31073,77583,,,
770677,31073,67470,,,
770678,31073,77069,,,
770679,31073,73227,,,
770680,31073,67463,,,
770681,31073,77953,,,
770683,31074,77163,,,
770684,31074,73242,,,
770685,31074,75081,,,
770686,31075,72124,,,
770687,31075,72123,,,
770688,31075,75992,,,
770690,31075,72837,,,
770691,31075,67360,,,
770692,31075,72128,,,
770693,31076,76541,,,
770695,31076,75794,,,
770697,31076,76879,,,
770698,31076,67852,,,
770699,31076,76545,,,
770700,31090,24383,,,
770701,31090,23326,,,
770702,31090,48824,,,
770704,31090,25075,,,
770705,31090,37939,,,
770706,31090,37938,,,
770707,31090,3918,,,
770708,31090,37933,,,
770709,31078,67709,,,
770711,31078,71289,,,
770712,31078,71288,,,
770713,31078,78058,,,
770714,31078,78059,,,
770715,31078,71659,,,
770716,31078,76650,,,
770718,31078,66150,,,
770720,31078,77667,,,
770721,31078,73052,,,
1363490,53617,33307,,,
770723,31078,77400,,,
770724,31078,66515,,,
770725,31078,66514,,,
770727,31078,77259,,,
770729,31078,72008,,,
770730,31078,67910,,,
770731,31078,69318,,,
770732,31078,69316,,,
770734,31078,76860,,,
770735,31078,69949,,,
770736,31078,74940,,,
770737,31078,77243,,,
770738,31078,76858,,,
770739,31078,77111,,,
770741,31078,66871,,,
770742,31078,69942,,,
770743,31078,69172,,,
770744,31078,72876,,,
770745,31078,74666,,,
770746,31078,77482,,,
770748,31078,73128,,,
770749,31078,69155,,,
770750,31078,76198,,,
770751,31078,70692,,,
770753,31078,67107,,,
770755,31078,67105,,,
770756,31078,75295,,,
770757,31078,77209,,,
770758,31078,67608,,,
770759,31078,67477,,,
770760,31078,77717,,,
770762,31078,67471,,,
770763,31078,67600,,,
770764,31078,67599,,,
770765,31078,75150,,,
770766,31078,67469,,,
770767,31078,68491,,,
770769,31078,74762,,,
770770,31078,73858,,,
770771,31078,74752,,,
770772,31107,14962,,,
770773,31107,29933,,,
770774,31107,46378,,,
770776,31107,46377,,,
770778,31081,69983,,,
770779,31081,67706,,,
770780,31081,70965,,,
770781,31081,66335,,,
770783,31081,75143,,,
770784,31081,67973,,,
770785,31081,75140,,,
770786,31082,73749,,,
770787,31082,73252,,,
770788,31082,69378,,,
770790,31085,67314,,,
770791,31085,67312,,,
770792,31085,77806,,,
770793,31085,67310,,,
770794,31085,70508,,,
770795,31085,77665,,,
770797,31085,74974,,,
770798,31085,70620,,,
770799,31085,66394,,,
770800,31085,70105,,,
770802,31085,70350,,,
770804,31085,74569,,,
770805,31085,77632,,,
770806,31085,66238,,,
770807,31085,71486,,,
770808,31085,73402,,,
770809,31085,68407,,,
770811,31085,77621,,,
770812,31085,76467,,,
770813,31085,66226,,,
770814,31085,77997,,,
770815,31085,66220,,,
770816,31085,68010,,,
770818,31085,76327,,,
770819,31085,71974,,,
770820,31085,68257,,,
770821,31085,68249,,,
770822,31085,66190,,,
770823,31085,72327,,,
770825,31085,76289,,,
770827,31086,78070,,,
770828,31086,69236,,,
1363497,53567,84281,,,
770830,31086,69226,,,
770831,31086,72549,,,
770832,31086,74086,,,
770834,31086,75745,,,
770836,31086,74719,,,
770837,31086,68572,,,
770838,31086,73821,,,
770839,31086,75740,,,
770841,31086,75737,,,
770842,31086,72281,,,
770843,31086,68312,,,
770844,31086,77397,,,
770845,31086,75733,,,
770846,31086,70227,,,
770848,31086,76497,,,
770849,31086,68945,,,
770850,31086,68304,,,
770851,31086,75983,,,
770852,31086,78030,,,
770853,31086,77768,,,
770855,31086,76483,,,
770856,31086,77889,,,
770857,31086,75841,,,
770858,31086,75713,,,
770860,31086,73405,,,
770862,31086,77496,,,
770863,31086,66359,,,
770864,31086,74804,,,
770865,31086,66738,,,
770866,31086,70961,,,
770867,31086,75309,,,
770869,31086,74022,,,
770870,31086,75170,,,
770871,31086,71841,,,
770872,31086,77342,,,
770873,31086,68123,,,
770874,31086,75163,,,
770876,31086,70934,,,
770877,31086,72212,,,
770878,31086,69136,,,
770879,31086,67978,,,
770880,31086,68874,,,
770881,31086,73353,,,
770883,31086,68485,,,
770885,31088,70905,,,
770886,31088,75254,,,
770887,31088,68085,,,
770888,31088,69747,,,
770890,31088,77931,,,
770891,31088,73320,,,
770892,31088,76011,,,
770893,31088,72428,,,
770894,31088,72940,,,
770895,31088,71403,,,
770897,31088,70377,,,
770898,31088,75368,,,
770899,31088,72677,,,
770900,31088,72422,,,
770901,31088,68581,,,
770902,31088,71905,,,
770904,31088,72414,,,
770905,31088,72415,,,
770906,31088,75358,,,
770907,31088,72413,,,
770909,31088,74333,,,
770911,31088,75610,,,
770912,31088,67029,,,
770913,31088,75096,,,
770914,31088,71127,,,
770915,31088,69241,,,
770916,31088,68181,,,
770918,31088,70995,,,
770919,31088,67410,,,
770920,31088,72273,,,
770921,31088,72144,,,
770922,31088,75468,,,
770923,31088,66126,,,
770925,31088,76620,,,
770926,31088,69187,,,
770927,31088,68035,,,
770928,31088,77503,,,
770929,31088,74430,,,
770930,31088,72373,,,
770932,31088,72375,,,
770934,31088,73269,,,
770935,31088,72376,,,
1363502,53623,31763,,,
770937,31088,72374,,,
770938,31088,72501,,,
770939,31088,73908,,,
770941,31088,72113,,,
770943,31088,73002,,,
770944,31088,72105,,,
770945,31088,72099,,,
770946,31088,74915,,,
770948,31088,72738,,,
770949,31088,67043,,,
770950,31088,72991,,,
770951,31088,72734,,,
770952,31088,67613,,,
770953,31088,72346,,,
770955,31088,76563,,,
770956,31088,70931,,,
770957,31088,69263,,,
770958,31088,72721,,,
770959,31088,70672,,,
770960,31088,68495,,,
770962,31088,71563,,,
770963,31088,77577,,,
770964,31088,66057,,,
770965,31088,67333,,,
770967,31088,67330,,,
770969,31088,72576,,,
770970,31096,27388,,,
770971,31096,58233,,,
770972,31096,27896,,,
770973,31096,1650,,,
770974,31096,19441,,,
770976,31096,2283,,,
770977,31096,2284,,,
770978,31096,60780,,,
770979,31096,32747,,,
770980,31096,37987,,,
770981,31096,34143,,,
770983,31096,33883,,,
770984,31096,380,,,
770985,31096,1610,,,
770986,31096,65991,,,
770987,31096,48836,,,
770988,31096,34237,,,
770990,31096,1338,,,
770992,31096,60211,,,
770993,31096,5166,,,
770994,31096,1326,,,
770995,31096,60075,,,
770997,31096,14501,,,
770998,31096,14500,,,
770999,31096,1443,,,
771000,31096,61597,,,
771001,31096,2970,,,
771002,31096,3225,,,
771004,31096,31639,,,
771005,31096,27412,,,
771006,31096,24595,,,
771007,31096,1551,,,
771008,31096,60428,,,
771009,31096,776,,,
771011,31061,87166,,,
771012,31061,88699,,,
771013,31061,80890,,,
771014,31061,88694,,,
771016,31061,80877,,,
771018,31061,79975,,,
771019,31061,78436,,,
771020,31061,80224,,,
771021,31061,83547,,,
771022,31061,89049,,,
771023,31061,89554,,,
771025,31061,81101,,,
771026,31061,86848,,,
771027,31061,83772,,,
771028,31061,83634,,,
771029,31061,91560,,,
771030,31061,91558,,,
771032,31061,87701,,,
771033,31061,87699,,,
771034,31061,84370,,,
771035,31061,84369,,,
771036,31061,84368,,,
771037,31061,80910,,,
771039,31061,91014,,,
771041,31061,86146,,,
771042,31093,77305,,,
1363506,53619,77510,,,
771044,31093,66547,,,
771045,31093,70641,,,
771046,31093,70639,,,
771048,31093,75231,,,
771050,31093,75745,,,
771051,31093,75744,,,
771052,31093,74719,,,
771053,31093,68572,,,
771055,31093,75737,,,
771056,31093,75733,,,
771057,31093,75728,,,
771058,31093,75727,,,
771059,31093,75725,,,
771060,31093,75722,,,
771062,31093,75204,,,
771063,31093,75201,,,
771064,31093,75713,,,
771065,31093,70592,,,
771066,31093,70589,,,
771067,31093,75190,,,
771069,31093,75170,,,
771070,31093,75160,,,
771071,31093,70025,,,
771072,31093,76678,,,
771074,31093,66415,,,
771076,31093,74086,,,
771077,31093,68439,,,
771078,31093,69459,,,
771079,31093,69946,,,
771080,31093,69945,,,
771081,31093,69944,,,
771083,31093,70949,,,
771084,31093,67869,,,
771085,31093,70934,,,
771086,31093,66326,,,
771087,31093,66324,,,
771088,31093,67858,,,
771090,31093,77054,,,
771091,31093,68855,,,
771092,31093,68338,,,
771093,31093,68336,,,
771094,31093,66282,,,
771095,31093,68833,,,
771097,31093,75479,,,
771099,31093,74447,,,
771100,31093,68304,,,
771101,31093,76497,,,
771102,31093,75983,,,
771104,31093,74446,,,
771105,31093,78025,,,
771106,31093,68808,,,
771107,31093,77511,,,
771108,31093,77504,,,
771109,31093,77496,,,
771111,31093,66738,,,
771112,31093,75439,,,
771113,31093,68266,,,
771114,31093,69284,,,
771115,31093,74387,,,
771116,31093,76435,,,
771118,31093,73347,,,
771119,31093,68727,,,
771120,31093,69236,,,
771121,31093,77420,,,
771123,31093,72281,,,
771125,31093,77906,,,
771126,31093,70227,,,
771127,31093,76370,,,
771128,31093,77904,,,
771129,31093,68677,,,
771130,31093,77889,,,
771132,31093,75840,,,
771133,31093,71226,,,
771134,31093,74804,,,
771135,31093,75309,,,
771136,31093,75306,,,
771137,31093,74788,,,
771139,31093,77340,,,
771140,31093,69136,,,
771141,31093,75275,,,
771142,31093,70664,,,
771143,31094,77608,,,
771144,31095,66687,,,
771146,31095,66301,,,
771148,31095,68475,,,
771149,31095,68474,,,
1363513,53633,26967,,,
771151,31095,66551,,,
771152,31095,68464,,,
771153,31095,67693,,,
771155,31095,67690,,,
771157,31095,74856,,,
771158,31095,75235,,,
771159,31095,67686,,,
771160,31095,68451,,,
771162,31095,67683,,,
771163,31095,67682,,,
771164,31095,73340,,,
771165,31095,67680,,,
771166,31095,66527,,,
771167,31095,66526,,,
771169,31095,67673,,,
771170,31095,68443,,,
771171,31095,67674,,,
771172,31095,66521,,,
771173,31095,75094,,,
771174,31095,67922,,,
771176,31095,74572,,,
771177,31095,76493,,,
771178,31095,76492,,,
771179,31095,72318,,,
771181,31095,77641,,,
771183,31095,73670,,,
771184,31095,66622,,,
771185,31095,74302,,,
771186,31095,74174,,,
771187,31095,68414,,,
771188,31095,77490,,,
771190,31095,75825,,,
771191,31095,66863,,,
771192,31095,69280,,,
771193,31095,72990,,,
771194,31095,66593,,,
771195,31095,75936,,,
771197,31095,66974,,,
771198,31095,75931,,,
771199,31095,66971,,,
771200,31095,66586,,,
771201,31095,66558,,,
771202,31095,74132,,,
771204,31095,67218,,,
771206,31095,75784,,,
771207,31095,66567,,,
771208,31095,74374,,,
771209,31095,66565,,,
771211,31095,72323,,,
771212,31095,74364,,,
771213,31095,66433,,,
771214,31095,75264,,,
771215,31091,83843,,,
771216,31091,89161,,,
771218,463,69119,,,
771219,463,77307,,,
771220,463,69754,,,
771221,463,78069,,,
771222,463,78068,,,
771223,463,68082,,,
771225,463,66545,,,
771226,463,73328,,,
771227,463,68975,,,
771228,463,68974,,,
771230,463,78050,,,
771232,463,77691,,,
771233,463,71778,,,
771234,463,72289,,,
771235,463,76508,,,
771236,463,77651,,,
771237,463,76370,,,
771239,463,77390,,,
771240,463,76233,,,
771241,463,68423,,,
771242,463,73286,,,
771243,463,73157,,,
771244,463,73283,,,
771246,463,66361,,,
771247,463,75960,,,
771248,463,73143,,,
771249,463,66355,,,
771250,463,76464,,,
771251,463,73638,,,
771253,463,69284,,,
771255,463,73248,,,
771256,463,69537,,,
1363520,53633,25145,,,
771258,463,77215,,,
771259,463,68510,,,
771260,463,68509,,,
771262,463,69650,,,
771264,463,74903,,,
771265,463,69653,,,
771266,463,74898,,,
771267,463,75412,,,
771269,463,76306,,,
771270,463,69649,,,
771271,463,76304,,,
771272,463,66063,,,
771273,463,73742,,,
771274,463,73740,,,
771276,463,68482,,,
771277,31098,72191,,,
771278,31098,72190,,,
771279,31098,77306,,,
771280,31098,75254,,,
771281,31098,68086,,,
771283,31098,71155,,,
771284,31098,70641,,,
771285,31098,75242,,,
771286,31098,70122,,,
771288,31098,74208,,,
771290,31098,73688,,,
771291,31098,75224,,,
771292,31098,72657,,,
771293,31098,72656,,,
771294,31098,70607,,,
771295,31098,72643,,,
771297,31098,72632,,,
771298,31098,72630,,,
771299,31098,70576,,,
771300,31098,77226,,,
771301,31098,77736,,,
771302,31098,77734,,,
771304,31098,72099,,,
771305,31098,76704,,,
771306,31098,71071,,,
771307,31098,66460,,,
771308,31098,70552,,,
771309,31098,75157,,,
771311,31098,72078,,,
771313,31098,76168,,,
771314,31098,71559,,,
771315,31098,67463,,,
771316,31098,68481,,,
771318,31098,67955,,,
771319,31098,75118,,,
771320,31098,73571,,,
771321,31098,68444,,,
771322,31098,75096,,,
771323,31098,75089,,,
771325,31098,75074,,,
771326,31098,75073,,,
771327,31098,75072,,,
771328,31098,76606,,,
771329,31098,78142,,,
771330,31098,78140,,,
771332,31098,75062,,,
771333,31098,66354,,,
771334,31098,67890,,,
771335,31098,73002,,,
771337,31098,66847,,,
771339,31098,77584,,,
771340,31098,77583,,,
771341,31098,77069,,,
771342,31098,68875,,,
771343,31098,76550,,,
771344,31098,72949,,,
771346,31098,73457,,,
771347,31098,70896,,,
771348,31098,74479,,,
771349,31098,72942,,,
771350,31098,74477,,,
771351,31098,70885,,,
771353,31098,71905,,,
771354,31098,73951,,,
771355,31098,72414,,,
771356,31098,74461,,,
771357,31098,74460,,,
771358,31098,74458,,,
771360,31098,78035,,,
771362,31098,71366,,,
771363,31098,71365,,,
1363527,53633,27667,,,
771365,31098,72374,,,
771366,31098,77497,,,
771367,31098,70328,,,
771369,31098,76982,,,
771371,31098,68274,,,
771372,31098,74398,,,
771373,31098,72346,,,
771374,31098,69264,,,
771376,31098,77953,,,
771377,31098,77429,,,
771378,31098,77933,,,
771379,31098,69119,,,
771380,31098,69222,,,
771381,31098,77924,,,
771383,31098,74333,,,
771384,31098,75869,,,
771385,31098,77915,,,
771386,31098,72793,,,
771387,31098,70739,,,
771388,31098,72273,,,
771390,31098,73269,,,
771391,31098,77875,,,
771392,31098,71217,,,
771393,31098,66604,,,
771395,31098,72738,,,
771397,31098,74783,,,
771398,31098,72734,,,
771399,31098,77340,,,
771400,31098,75291,,,
771401,31098,75289,,,
771402,31098,72728,,,
771404,31098,72726,,,
771405,31098,73237,,,
771406,31098,73236,,,
771407,31098,70162,,,
771408,31098,72719,,,
771409,31098,73227,,,
771411,31099,71294,,,
771412,31099,75004,,,
771413,31099,75003,,,
771414,31099,75002,,,
771415,31099,72057,,,
771416,31099,72052,,,
771418,31099,72040,,,
771420,31099,66274,,,
771421,31099,76385,,,
771422,31099,78047,,,
771423,31099,70105,,,
771425,31099,76753,,,
771426,31099,76627,,,
771427,31099,67282,,,
771428,31099,76625,,,
771429,31099,75086,,,
771430,31099,71887,,,
771432,31099,75211,,,
771433,31099,75212,,,
771434,31099,71883,,,
771435,31099,74947,,,
771436,31099,70086,,,
771437,31099,69443,,,
771439,31099,76867,,,
771440,31099,75455,,,
771441,31099,76094,,,
771442,31099,74939,,,
771444,31099,78009,,,
771446,31099,67454,,,
771447,31099,72624,,,
771448,31099,77745,,,
771449,31099,75440,,,
771450,31099,73135,,,
771451,31099,73136,,,
771453,31099,68398,,,
771454,31099,68397,,,
771455,31099,75819,,,
771456,31099,72608,,,
771457,31099,75167,,,
771458,31099,75006,,,
771460,31099,75017,,,
771461,31099,75016,,,
771462,31099,72967,,,
771463,31099,75011,,,
771464,31099,75008,,,
771465,31099,72320,,,
771467,31100,70653,,,
771469,31100,70833,,,
771470,31100,70831,,,
1363534,53633,23939,,,
771472,31100,72043,,,
771473,31100,77227,,,
771474,31100,66501,,,
771476,31101,70462,,,
771478,31101,75127,,,
771479,31101,73551,,,
771480,31101,73257,,,
771481,31101,69634,,,
771483,31103,74197,,,
771484,31103,70964,,,
771485,31103,74195,,,
771486,31103,73036,,,
771487,31103,70665,,,
771488,31103,73155,,,
771490,31103,77702,,,
771491,31103,68100,,,
771492,31103,77732,,,
771493,31103,68097,,,
771494,31103,72130,,,
771495,31103,72129,,,
771497,31104,70494,,,
771498,31104,68668,,,
771499,31104,72666,,,
771500,31104,72662,,,
771502,31104,72597,,,
771504,31104,73324,,,
771505,31104,75271,,,
771506,31104,72648,,,
771507,31104,75272,,,
771508,31104,70535,,,
771509,31104,73638,,,
771511,31104,72642,,,
771512,31104,72736,,,
771513,31106,76732,,,
771514,31106,71881,,,
771515,31106,71888,,,
771516,31108,72879,,,
771518,31109,76796,,,
771519,31109,66547,,,
771520,31109,66545,,,
771521,31109,77292,,,
771522,31109,77291,,,
771523,31109,75749,,,
771525,31109,73189,,,
771527,31109,75745,,,
771528,31109,75744,,,
771529,31109,74719,,,
771530,31109,68572,,,
771532,31109,75738,,,
771533,31109,75737,,,
771534,31109,74713,,,
771535,31109,74712,,,
771536,31109,74711,,,
771537,31109,75733,,,
771539,31109,77194,,,
771540,31109,73609,,,
771541,31109,74119,,,
771542,31109,68485,,,
771543,31109,73603,,,
771544,31109,73602,,,
771546,31109,70527,,,
771547,31109,70526,,,
771548,31109,76155,,,
771549,31109,77178,,,
771551,31109,73590,,,
771553,31109,70004,,,
771554,31109,66415,,,
771555,31109,72044,,,
771556,31109,73581,,,
771557,31109,73580,,,
771558,31109,74086,,,
771560,31109,73571,,,
771561,31109,73570,,,
771562,31109,73569,,,
771563,31109,68447,,,
771564,31109,66908,,,
771565,31109,70985,,,
771567,31109,76611,,,
771568,31109,66367,,,
771569,31109,69942,,,
771570,31109,76596,,,
771571,31109,76595,,,
771572,31109,70961,,,
771574,31109,76069,,,
771576,31109,76577,,,
771577,31109,75040,,,
1363541,53624,69580,,,
771579,31109,69918,,,
771580,31109,66326,,,
771581,31109,70934,,,
771583,31109,76564,,,
771585,31109,77070,,,
771586,31109,76043,,,
771587,31109,68874,,,
771588,31109,76554,,,
771590,31109,68855,,,
771591,31109,73951,,,
771592,31109,78049,,,
771593,31109,73952,,,
771594,31109,66271,,,
771595,31109,68312,,,
771597,31109,66774,,,
771598,31109,68303,,,
771599,31109,68304,,,
771600,31109,76497,,,
771601,31109,70864,,,
771602,31109,75983,,,
771604,31109,75978,,,
771605,31109,72905,,,
771606,31109,102084,,,
771607,31109,75971,,,
771609,31109,77496,,,
771611,31109,70328,,,
771612,31109,75957,,,
771613,31109,75956,,,
771614,31109,75954,,,
771615,31109,66738,,,
771616,31109,78001,,,
771618,31109,69284,,,
771619,31109,77983,,,
771620,31109,71325,,,
771621,31109,69268,,,
771622,31109,72335,,,
771623,31109,73347,,,
771625,31109,68731,,,
771626,31109,76410,,,
771627,31109,72313,,,
771628,31109,72311,,,
771629,31109,69236,,,
771630,31109,75888,,,
771632,31109,76399,,,
771634,31109,76393,,,
771635,31109,69226,,,
771636,31109,74705,,,
771637,31109,75728,,,
771639,31109,75719,,,
771640,31109,76229,,,
771641,31109,76228,,,
771642,31109,73668,,,
771643,31109,67523,,,
771644,31109,76737,,,
771646,31109,73145,,,
771647,31109,70584,,,
771648,31109,72631,,,
771649,31109,73654,,,
771650,31109,68531,,,
771651,31109,66480,,,
771653,31109,69037,,,
771654,31109,75180,,,
771655,31109,71083,,,
771656,31109,67497,,,
771658,31109,75173,,,
771660,31109,75170,,,
771661,31109,70554,,,
771662,31109,75160,,,
771663,31109,77718,,,
771664,31109,77712,,,
771665,31109,66446,,,
771667,31109,68714,,,
771668,31109,77929,,,
771669,31109,76388,,,
771670,31109,74848,,,
771671,31109,76381,,,
771672,31109,72281,,,
771674,31109,77397,,,
771675,31109,70227,,,
771676,31109,76370,,,
771677,31109,74829,,,
771678,31109,74828,,,
771679,31109,77386,,,
771681,31109,75847,,,
771683,31109,73792,,,
771684,31109,71232,,,
1363548,53634,37468,,,
771686,31109,75841,,,
771687,31109,75840,,,
771688,31109,73791,,,
771690,31109,71226,,,
771692,31109,74804,,,
771693,31109,75824,,,
771694,31109,75311,,,
771695,31109,75309,,,
771697,31109,75306,,,
771698,31109,73254,,,
771699,31109,77342,,,
771700,31109,75798,,,
771701,31109,72726,,,
771702,31109,66071,,,
771704,31109,73236,,,
771705,31109,69136,,,
771706,31109,66575,,,
771707,31109,70664,,,
771708,31109,69127,,,
771709,31110,75774,,,
771711,31110,66673,,,
771712,31110,76144,,,
771713,31110,76143,,,
771714,31110,76142,,,
771716,31110,75104,,,
771718,31110,73180,,,
771719,31110,73175,,,
771720,31110,77389,,,
771721,31110,68548,,,
771722,31110,75958,,,
771723,31110,71804,,,
771725,31110,72624,,,
771726,31110,72623,,,
771727,31110,72620,,,
771728,31110,74912,,,
771729,31110,67991,,,
771730,31110,72085,,,
771732,31102,79407,,,
771733,31102,79411,,,
771734,31123,34524,,,
771735,31123,60281,,,
771736,31123,24760,,,
771737,31123,24780,,,
771739,31123,65229,,,
771741,31123,24783,,,
771742,31123,24782,,,
771743,31123,65421,,,
771744,31123,65420,,,
771746,31123,24776,,,
771747,31123,24454,,,
771748,31123,17733,,,
771749,31123,24804,,,
771750,31123,24609,,,
771751,31167,86558,,,
771753,31167,95896,,,
771754,31167,90574,,,
771755,31167,80914,,,
771756,31167,91281,,,
771757,31167,80559,,,
771758,31167,84560,,,
771760,31167,82510,,,
771761,31167,87710,,,
771762,31167,86572,,,
771763,31167,86699,,,
771765,31167,90631,,,
771767,31167,86693,,,
771768,31167,86564,,,
771769,31167,84674,,,
771770,31130,33917,,,
771771,31130,5211,,,
771772,31130,62042,,,
771774,31130,60435,,,
771775,31130,2290,,,
771776,31130,34642,,,
771777,31130,60434,,,
771778,31130,58033,,,
771779,31130,1328,,,
771781,31130,48813,,,
771782,31130,60428,,,
771783,31130,34569,,,
771784,31130,60681,,,
771785,31130,34568,,,
771786,31134,21445,,,
771788,31134,34046,,,
771790,31134,22394,,,
771791,31134,60281,,,
1363555,53634,60232,,,
771793,31134,31091,,,
771794,31134,15858,,,
771795,31134,1643,,,
771797,31134,37994,,,
771799,31134,5225,,,
771800,31134,29160,,,
771801,31134,24807,,,
771802,31134,24806,,,
771804,31134,61922,,,
771805,31134,34144,,,
771806,31134,29662,,,
771807,31134,34142,,,
771808,31134,4699,,,
771809,31134,1492,,,
771811,31134,1486,,,
771812,31134,38988,,,
771813,31134,24780,,,
771814,31134,41163,,,
771815,31134,29002,,,
771816,31134,1480,,,
771818,31134,16066,,,
771819,31134,2625,,,
771820,31134,323,,,
771821,31134,24386,,,
771823,31134,30783,,,
771825,31134,20412,,,
771826,31134,24760,,,
771827,31134,62647,,,
771828,31134,3763,,,
771829,31134,4144,,,
771830,31134,31098,,,
771832,31134,49067,,,
771833,31134,41128,,,
771834,31134,49056,,,
771835,31134,27936,,,
771836,31134,65953,,,
771837,31134,24352,,,
771839,31134,33437,,,
771840,31134,33436,,,
771841,31134,32667,,,
771842,31134,22393,,,
771843,31134,60439,,,
771844,31134,34451,,,
771846,31134,34450,,,
771848,31134,35723,,,
771849,31134,12937,,,
771850,31134,24457,,,
771851,31134,23176,,,
771853,31134,48774,,,
771854,31134,101765,,,
771855,31134,2948,,,
771856,31134,60544,,,
771857,31142,57203,,,
771858,31142,4600,,,
771860,31115,78791,,,
771861,31115,86253,,,
771862,31115,86255,,,
771863,31115,85963,,,
771864,31115,78226,,,
771865,31120,89471,,,
771867,31120,89469,,,
771868,31120,89467,,,
771869,31120,82938,,,
771870,31120,89465,,,
771872,31120,88694,,,
771874,31120,80877,,,
771875,31120,87785,,,
771876,31120,79975,,,
771877,31120,79972,,,
771878,31120,78436,,,
771879,31120,91747,,,
771881,31120,79967,,,
771882,31120,83547,,,
771883,31120,88666,,,
771884,31120,89049,,,
771885,31120,89554,,,
771886,31120,87249,,,
771888,31120,81101,,,
771889,31120,90187,,,
771890,31120,89539,,,
771891,31120,80890,,,
771892,31120,86848,,,
771893,31120,83772,,,
771895,31120,80055,,,
771897,31120,81329,,,
771898,31120,82478,,,
1363562,53585,80798,,,
771900,31120,91560,,,
771901,31120,91558,,,
771902,31120,90403,,,
771904,31120,87712,,,
771906,31120,84369,,,
771907,31120,79127,,,
771908,31120,84370,,,
771909,31120,87701,,,
771911,31120,82195,,,
771912,31120,82194,,,
771913,31120,84368,,,
771914,31120,80912,,,
771915,31120,80910,,,
771916,31120,84365,,,
771918,31120,85639,,,
771919,31120,91014,,,
771920,31120,91012,,,
771921,31120,86146,,,
771922,31120,79104,,,
771923,31120,89472,,,
771925,31137,85433,,,
771926,31137,88883,,,
771927,31137,84332,,,
771928,31137,78315,,,
771930,31184,83326,,,
771932,31184,78985,,,
771933,31184,85898,,,
771934,31184,88681,,,
771935,31184,91650,,,
771936,31184,92096,,,
771937,31184,78976,,,
771939,31121,77820,,,
771940,31121,77819,,,
771941,31121,70641,,,
771942,31121,77807,,,
771943,31121,71148,,,
771944,31121,77802,,,
771946,31121,75242,,,
771947,31121,77796,,,
771948,31121,67558,,,
771949,31121,72677,,,
771950,31121,76771,,,
771951,31121,77795,,,
771953,31121,77793,,,
771955,31121,73688,,,
771956,31121,67543,,,
771957,31121,71126,,,
771958,31121,71125,,,
771960,31121,68559,,,
771961,31121,74172,,,
771962,31121,74171,,,
771963,31121,68022,,,
771964,31121,67499,,,
771965,31121,77226,,,
771967,31121,77736,,,
771968,31121,77735,,,
771969,31121,77734,,,
771970,31121,76704,,,
771971,31121,70552,,,
771972,31121,75157,,,
771974,31121,67463,,,
771975,31121,74112,,,
771976,31121,73077,,,
771977,31121,67955,,,
771979,31121,73571,,,
771981,31121,76129,,,
771982,31121,76128,,,
771983,31121,68444,,,
771984,31121,75602,,,
771985,31121,74066,,,
771986,31121,75089,,,
771988,31121,66379,,,
771989,31121,72007,,,
771990,31121,67910,,,
771991,31121,66881,,,
771992,31121,77632,,,
771993,31121,76606,,,
771995,31121,70963,,,
771996,31121,69426,,,
771997,31121,76081,,,
771998,31121,68393,,,
771999,31121,77607,,,
772000,31121,77596,,,
772002,31121,66323,,,
772004,31121,77584,,,
772005,31121,77583,,,
1363569,53637,70525,,,
772007,31121,68877,,,
772008,31121,77569,,,
772009,31121,68859,,,
772011,31121,66295,,,
772013,31121,70896,,,
772014,31121,77039,,,
772015,31121,76014,,,
772016,31121,66282,,,
772018,31121,77539,,,
772019,31121,72928,,,
772020,31121,74464,,,
772021,31121,74461,,,
772022,31121,74460,,,
772023,31121,74458,,,
772025,31121,66261,,,
772026,31121,66252,,,
772027,31121,78021,,,
772028,31121,77505,,,
772029,31121,69313,,,
772030,31121,66237,,,
772032,31121,78008,,,
772033,31121,75445,,,
772034,31121,68274,,,
772035,31121,77989,,,
772037,31121,74398,,,
772039,31121,77463,,,
772040,31121,77971,,,
772041,31121,77457,,,
772042,31121,77456,,,
772043,31121,77455,,,
772044,31121,77454,,,
772046,31121,77964,,,
772047,31121,76426,,,
772048,31121,77448,,,
772049,31121,77953,,,
772050,31121,77436,,,
772051,31121,77435,,,
772053,31121,76409,,,
772054,31121,72822,,,
772055,31121,77429,,,
772056,31121,72307,,,
772057,31121,77423,,,
772058,31121,67181,,,
772060,31121,73314,,,
772062,31121,72287,,,
772063,31121,75357,,,
772064,31121,75869,,,
772065,31121,77915,,,
772067,31121,66136,,,
772068,31121,70742,,,
772069,31121,75847,,,
772070,31121,69703,,,
772071,31121,66631,,,
772072,31121,71239,,,
772074,31121,73275,,,
772075,31121,75313,,,
772076,31121,71217,,,
772077,31121,75310,,,
772078,31121,75289,,,
772079,31121,72728,,,
772081,31121,70671,,,
772082,31121,77835,,,
772083,31121,77836,,,
772084,31121,73227,,,
772086,31121,77833,,,
772088,31159,82108,,,
772089,31159,87706,,,
772090,31159,90679,,,
772091,31159,84340,,,
772092,31159,90676,,,
772093,31159,90579,,,
772095,31159,80970,,,
772096,31159,83174,,,
772097,31159,96005,,,
772098,31159,92194,,,
772099,31159,85664,,,
772100,31124,76030,,,
772102,31124,71025,,,
772103,31124,76400,,,
772104,31124,76652,,,
772105,31124,75884,,,
772106,31124,75883,,,
772107,31124,75880,,,
772109,31124,66531,,,
772111,31124,70359,,,
772112,31124,66389,,,
1363576,53637,72805,,,
772114,31124,68303,,,
772115,31124,70086,,,
772116,31124,75716,,,
772118,31124,78017,,,
772120,31124,76093,,,
772121,31124,68924,,,
772122,31124,72624,,,
772123,31124,77103,,,
772125,31124,75306,,,
772126,31124,76711,,,
772127,31124,69799,,,
772128,31124,75303,,,
772129,31124,75813,,,
772130,31124,75006,,,
772132,31124,77332,,,
772133,31124,69136,,,
772134,31124,75921,,,
772135,31124,72464,,,
772136,31124,76431,,,
772137,31124,76813,,,
772139,31124,76931,,,
772140,31124,72577,,,
772141,31124,76160,,,
772142,31126,67582,,,
772144,31126,68085,,,
772146,31126,74734,,,
772147,31126,74733,,,
772148,31126,75242,,,
772149,31126,73191,,,
772150,31126,72677,,,
772151,31126,77796,,,
772153,31126,77794,,,
772154,31126,77793,,,
772155,31126,73688,,,
772156,31126,67030,,,
772157,31126,71126,,,
772158,31126,71125,,,
772160,31126,70607,,,
772161,31126,70092,,,
772162,31126,67013,,,
772163,31126,70086,,,
772164,31126,70085,,,
772165,31126,70084,,,
772167,31126,73663,,,
772169,31126,74172,,,
772170,31126,74171,,,
772171,31126,75194,,,
772172,31126,77752,,,
772174,31126,66483,,,
772175,31126,77743,,,
772176,31126,77745,,,
772177,31126,73136,,,
772178,31126,73135,,,
772179,31126,75180,,,
772181,31126,77740,,,
772182,31126,67499,,,
772183,31126,77226,,,
772184,31126,70569,,,
772185,31126,77735,,,
772186,31126,74661,,,
772188,31126,73637,,,
772189,31126,77218,,,
772190,31126,76704,,,
772191,31126,75167,,,
772193,31126,77719,,,
772195,31126,69523,,,
772196,31126,69011,,,
772197,31126,77197,,,
772198,31126,77711,,,
772199,31126,76687,,,
772200,31126,70030,,,
772202,31126,77196,,,
772203,31126,75148,,,
772204,31126,77194,,,
772205,31126,72584,,,
772206,31126,77192,,,
772207,31126,67463,,,
772209,31126,77696,,,
772210,31126,74112,,,
772211,31126,72057,,,
772212,31126,76148,,,
772213,31126,72051,,,
772214,31126,73077,,,
772216,31126,77683,,,
772218,31126,74609,,,
772219,31126,74608,,,
1363583,53637,75606,,,
772221,31126,76136,,,
772222,31126,77669,,,
772223,31126,70499,,,
772225,31126,70498,,,
772227,31126,70995,,,
772228,31126,76110,,,
772229,31126,76109,,,
772230,31126,76113,,,
772232,31126,74066,,,
772233,31126,75089,,,
772234,31126,67920,,,
772235,31126,75086,,,
772236,31126,76622,,,
772237,31126,69453,,,
772239,31126,76107,,,
772240,31126,67400,,,
772241,31126,76105,,,
772242,31126,67396,,,
772243,31126,67397,,,
772244,31126,67910,,,
772246,31126,72004,,,
772247,31126,70467,,,
772248,31126,67394,,,
772249,31126,67393,,,
772251,31126,76606,,,
772253,31126,66358,,,
772254,31126,68402,,,
772255,31126,68401,,,
772256,31126,68400,,,
772257,31126,68399,,,
772258,31126,70948,,,
772260,31126,68393,,,
772261,31126,75048,,,
772262,31126,69415,,,
772263,31126,77604,,,
772264,31126,70437,,,
772265,31126,75044,,,
772267,31126,75037,,,
772268,31126,67355,,,
772269,31126,78094,,,
772270,31126,76052,,,
772271,31126,72979,,,
772272,31126,70928,,,
772274,31126,77583,,,
772276,31126,68877,,,
772277,31126,67853,,,
772278,31126,77068,,,
772279,31126,70923,,,
772281,31126,77064,,,
772282,31126,72967,,,
772283,31126,77061,,,
772284,31126,77056,,,
772285,31126,67327,,,
772286,31126,67324,,,
772288,31126,66300,,,
772289,31126,70905,,,
772290,31126,77559,,,
772291,31126,66295,,,
772292,31126,75508,,,
772293,31126,77039,,,
772295,31126,78060,,,
772296,31126,71917,,,
772297,31126,72428,,,
772298,31126,72940,,,
772300,31126,72422,,,
772302,31126,77536,,,
772303,31126,72923,,,
772304,31126,74460,,,
772305,31126,74461,,,
772306,31126,77532,,,
772307,31126,77531,,,
772309,31126,70359,,,
772310,31126,74455,,,
772311,31126,76501,,,
772312,31126,76500,,,
772313,31126,67282,,,
772314,31126,75474,,,
772316,31126,75467,,,
772317,31126,75455,,,
772318,31126,76993,,,
772319,31126,72384,,,
772320,31126,66239,,,
772321,31126,77503,,,
772323,31126,71357,,,
772325,31126,73908,,,
772326,31126,68274,,,
1363590,53637,67343,,,
772328,31126,77988,,,
772329,31126,74398,,,
772330,31126,71831,,,
772332,31126,77973,,,
772334,31126,74386,,,
772335,31126,77455,,,
772336,31126,77454,,,
772337,31126,77453,,,
772339,31126,76426,,,
772340,31126,71816,,,
772341,31126,77953,,,
772342,31126,72827,,,
772343,31126,72826,,,
772344,31126,70779,,,
772346,31126,70778,,,
772347,31126,76409,,,
772348,31126,77432,,,
772349,31126,77429,,,
772350,31126,72817,,,
772351,31126,72816,,,
772353,31126,72297,,,
772354,31126,76392,,,
772355,31126,77412,,,
772356,31126,77924,,,
772358,31126,75869,,,
772360,31126,70746,,,
772361,31126,66137,,,
772362,31126,66136,,,
772363,31126,66134,,,
772364,31126,66645,,,
772365,31126,66126,,,
772367,31126,69704,,,
772368,31126,66631,,,
772369,31126,71749,,,
772370,31126,77889,,,
772371,31126,66107,,,
772372,31126,73274,,,
772374,31126,67130,,,
772375,31126,69174,,,
772376,31126,77873,,,
772377,31126,69173,,,
772378,31126,74804,,,
772379,31126,74803,,,
772381,31126,71217,,,
772383,31126,69166,,,
772384,31126,75821,,,
772385,31126,69158,,,
772386,31126,76840,,,
772388,31126,69670,,,
772389,31126,68133,,,
772390,31126,71199,,,
772391,31126,67100,,,
772392,31126,75289,,,
772393,31126,72728,,,
772395,31126,71188,,,
772396,31126,77844,,,
772397,31126,77843,,,
772398,31126,70670,,,
772399,31126,70669,,,
772400,31126,77324,,,
772402,31126,75785,,,
772403,31126,71175,,,
772404,31126,70663,,,
772405,31126,76805,,,
772407,31126,67584,,,
772409,31143,24950,,,
772410,31143,57324,,,
772411,31143,57203,,,
772412,31143,4769,,,
772413,31143,4600,,,
772414,31151,2303,,,
772416,31151,100754,,,
772417,31151,29456,,,
772418,31151,791,,,
772419,31151,65988,,,
772420,31151,868,,,
772421,31151,1091,,,
772423,31151,29568,,,
772424,31131,73199,,,
772425,31131,70640,,,
772426,31131,70641,,,
772427,31131,66548,,,
772428,31131,66547,,,
772430,31131,69105,,,
772432,31131,74735,,,
772433,31131,70122,,,
1363597,53610,90737,,,
772435,31131,73190,,,
772436,31131,70627,,,
772437,31131,75746,,,
772439,31131,74207,,,
772441,31131,69587,,,
772442,31131,75727,,,
772443,31131,75725,,,
772444,31131,75722,,,
772446,31131,72642,,,
772447,31131,74176,,,
772448,31131,75200,,,
772449,31131,74174,,,
772450,31131,72121,,,
772451,31131,69558,,,
772453,31131,69556,,,
772454,31131,76209,,,
772455,31131,73638,,,
772456,31131,76193,,,
772457,31131,72597,,,
772458,31131,68496,,,
772460,31131,68494,,,
772461,31131,68493,,,
772462,31131,70535,,,
772463,31131,68476,,,
772465,31131,68984,,,
772467,31131,76654,,,
772468,31131,72555,,,
772469,31131,68451,,,
772470,31131,70494,,,
772471,31131,68443,,,
772472,31131,75070,,,
772474,31131,75062,,,
772475,31131,70961,,,
772476,31131,70937,,,
772477,31131,66326,,,
772478,31131,66324,,,
772479,31131,76551,,,
772481,31131,66282,,,
772482,31131,73438,,,
772483,31131,78025,,,
772484,31131,77504,,,
772485,31131,68286,,,
772486,31131,68277,,,
772488,31131,69284,,,
772490,31131,66709,,,
772491,31131,76435,,,
772492,31131,69264,,,
772493,31131,72326,,,
772495,31131,68206,,,
772496,31131,73324,,,
772497,31131,74856,,,
772498,31131,69222,,,
772499,31131,72281,,,
772500,31131,67673,,,
772502,31131,77904,,,
772503,31131,76370,,,
772504,31131,69202,,,
772505,31131,77906,,,
772506,31131,69201,,,
772507,31131,69200,,,
772509,31131,73800,,,
772510,31131,74303,,,
772511,31131,74304,,,
772512,31131,75840,,,
772514,31131,74302,,,
772516,31131,68668,,,
772517,31131,72249,,,
772518,31131,72244,,,
772519,31131,74290,,,
772520,31131,66097,,,
772521,31131,76848,,,
772523,31131,75306,,,
772524,31131,76327,,,
772525,31131,67109,,,
772526,31131,72736,,,
772527,31131,76322,,,
772528,31131,77340,,,
772530,31131,73759,,,
772531,31131,73758,,,
772532,31131,71196,,,
772533,31131,73756,,,
772534,31131,73755,,,
772535,31131,66073,,,
772537,31131,74252,,,
772539,31131,75271,,,
772540,31131,77318,,,
1363604,53610,90317,,,
772542,31135,70526,,,
772543,31135,68086,,,
772544,31135,67443,,,
772546,31135,73458,,,
772548,31135,77292,,,
772549,31135,77291,,,
772550,31135,73951,,,
772551,31135,72793,,,
772553,31135,70739,,,
772554,31135,78034,,,
772555,31135,75721,,,
772556,31135,75719,,,
772557,31135,71366,,,
772558,31135,71365,,,
772560,31135,76737,,,
772561,31135,77497,,,
772562,31135,72375,,,
772563,31135,76087,,,
772564,31135,67890,,,
772565,31135,70576,,,
772567,31135,71083,,,
772568,31135,77992,,,
772569,31135,77731,,,
772570,31135,66847,,,
772572,31135,77983,,,
772574,31135,66460,,,
772575,31135,72981,,,
772576,31135,73236,,,
772577,31135,73751,,,
772578,31135,77718,,,
772579,31135,73237,,,
772581,31135,70162,,,
772582,31135,74129,,,
772583,31135,68875,,,
772584,31135,76043,,,
772585,31135,75274,,,
772586,31135,76168,,,
772588,31135,69127,,,
772589,31135,68481,,,
772590,31136,65788,,,
772591,31136,86265,,,
772592,31136,97144,,,
772593,31136,97143,,,
772595,31136,84340,,,
772597,31136,70129,,,
772598,31136,101356,,,
772599,31136,89578,,,
772600,31136,83174,,,
772602,31136,90579,,,
772603,31136,70100,,,
772604,31136,77908,,,
772605,31136,73939,,,
772606,31136,77906,,,
772607,31136,77904,,,
772609,31136,80970,,,
772610,31136,82108,,,
772611,31136,90679,,,
772612,31136,74038,,,
772613,31136,90676,,,
772614,31136,86318,,,
772616,31136,86316,,,
772617,31136,92194,,,
772618,31136,85664,,,
772619,31136,87706,,,
772621,31136,78232,,,
772623,31136,91278,,,
772624,31172,33683,,,
772625,31172,100923,,,
772626,31172,24410,,,
772627,31172,48931,,,
772628,31172,58352,,,
772630,31139,68527,,,
772631,31139,71720,,,
772632,31139,71718,,,
772633,31139,71713,,,
772634,31139,71297,,,
772635,31147,70527,,,
772637,31147,68731,,,
772638,31147,72311,,,
772639,31147,77172,,,
772640,31147,66547,,,
772641,31147,66545,,,
772642,31147,66415,,,
772644,31147,72297,,,
772646,31147,75749,,,
772647,31147,66278,,,
1363609,53610,89920,,,
772649,31147,72292,,,
772650,31147,73187,,,
772651,31147,74848,,,
772653,31147,66271,,,
772655,31147,75738,,,
772656,31147,77910,,,
772657,31147,76370,,,
772658,31147,68303,,,
772660,31147,74828,,,
772661,31147,72905,,,
772662,31147,66631,,,
772663,31147,67523,,,
772664,31147,73792,,,
772665,31147,71232,,,
772667,31147,68669,,,
772668,31147,70328,,,
772669,31147,72631,,,
772670,31147,73654,,,
772671,31147,68531,,,
772672,31147,75443,,,
772674,31147,73262,,,
772675,31147,75307,,,
772676,31147,75306,,,
772677,31147,69284,,,
772679,31147,66326,,,
772681,31147,66446,,,
772682,31147,75661,,,
772683,31148,69119,,,
772684,31148,67965,,,
772685,31148,77307,,,
772686,31148,69754,,,
772688,31148,78069,,,
772689,31148,73205,,,
772690,31148,78068,,,
772691,31148,67186,,,
772692,31148,66545,,,
772693,31148,73328,,,
772695,31148,68974,,,
772696,31148,68711,,,
772697,31148,68836,,,
772698,31148,77691,,,
772699,31148,78050,,,
772700,31148,72289,,,
772702,31148,76508,,,
772704,31148,76370,,,
772705,31148,66512,,,
772706,31148,77390,,,
772707,31148,66637,,,
772709,31148,73287,,,
772710,31148,68423,,,
772711,31148,73286,,,
772712,31148,73157,,,
772713,31148,74820,,,
772714,31148,73283,,,
772716,31148,73148,,,
772717,31148,66972,,,
772718,31148,73658,,,
772719,31148,66361,,,
772720,31148,73143,,,
772721,31148,66355,,,
772723,31148,76702,,,
772724,31148,73638,,,
772725,31148,76069,,,
772726,31148,69284,,,
772728,31148,73248,,,
772730,31148,77470,,,
772731,31148,77215,,,
772732,31148,68510,,,
772733,31148,68509,,,
772734,31148,77468,,,
772735,31148,75160,,,
772737,31148,72982,,,
772738,31148,75412,,,
772739,31148,74899,,,
772740,31148,74898,,,
772741,31148,66063,,,
772742,31148,73742,,,
772744,31148,67081,,,
772745,31148,67080,,,
772746,31148,73223,,,
772747,31148,68482,,,
772748,31182,23039,,,
772749,31182,27643,,,
772751,31182,27506,,,
772753,31182,27245,,,
772754,31182,30059,,,
1363613,53610,88479,,,
772756,31182,62056,,,
772757,31182,62055,,,
772758,31182,27231,,,
772760,31182,3547,,,
772762,31182,24662,,,
772763,31182,62166,,,
772764,31182,62157,,,
772765,31182,32458,,,
772767,31182,34498,,,
772768,31182,31167,,,
772769,31182,31166,,,
772770,31182,28856,,,
772771,31182,28855,,,
772772,31182,39345,,,
772774,31182,28181,,,
772775,31182,517,,,
772776,31149,69948,,,
772777,31149,75509,,,
772778,31149,74293,,,
772779,31149,66447,,,
772781,31149,74626,,,
772782,31150,73145,,,
772783,31150,72311,,,
772784,31150,69268,,,
772786,31150,72313,,,
772788,31150,66575,,,
772789,31150,73189,,,
772790,31150,76229,,,
772791,31150,75170,,,
772792,31150,73952,,,
772793,31156,24099,,,
772795,31156,24389,,,
772796,31156,34560,,,
772797,31156,22636,,,
772798,31156,24674,,,
772799,31156,22642,,,
772800,31156,3453,,,
772802,31156,22393,,,
772803,31156,2291,,,
772804,31156,65908,,,
772805,31156,31091,,,
772806,31156,15858,,,
772807,31156,100975,,,
772809,31156,27114,,,
772811,31156,1643,,,
772812,31156,37994,,,
772813,31156,5225,,,
772814,31156,24807,,,
772816,31156,15973,,,
772817,31156,34403,,,
772818,31156,34402,,,
772819,31156,34785,,,
772820,31156,29662,,,
772821,31156,66012,,,
772823,31156,1492,,,
772824,31156,34643,,,
772825,31156,1486,,,
772826,31156,24396,,,
772827,31156,38988,,,
772828,31156,29002,,,
772830,31156,16066,,,
772831,31156,34113,,,
772832,31156,9791,,,
772833,31156,30783,,,
772835,31156,24628,,,
772837,31156,41904,,,
772838,31156,4144,,,
772839,31156,34219,,,
772840,31156,23338,,,
772841,31156,1319,,,
772842,31156,1318,,,
772844,31156,34080,,,
772845,31156,49056,,,
772846,31156,27936,,,
772847,31156,27935,,,
772848,31156,22394,,,
772849,31156,33437,,,
772851,31156,24728,,,
772852,31156,34198,,,
772853,31156,23573,,,
772854,31156,32660,,,
772855,31156,32400,,,
772856,31156,3596,,,
772858,31156,24457,,,
772860,31152,77309,,,
772861,31152,77819,,,
1363620,53610,78339,,,
772863,31152,66547,,,
772864,31152,66545,,,
772865,31152,73189,,,
772867,31152,77797,,,
772869,31152,72163,,,
772870,31152,74724,,,
772871,31152,68071,,,
772872,31152,74723,,,
772874,31152,67043,,,
772875,31152,75235,,,
772876,31152,75745,,,
772877,31152,75744,,,
772878,31152,75232,,,
772879,31152,75231,,,
772881,31152,74717,,,
772882,31152,75737,,,
772883,31152,75733,,,
772884,31152,75738,,,
772885,31152,74713,,,
772886,31152,74712,,,
772888,31152,66518,,,
772889,31152,75220,,,
772890,31152,73684,,,
772891,31152,75728,,,
772893,31152,77776,,,
772895,31152,77228,,,
772896,31152,73163,,,
772897,31152,72650,,,
772898,31152,76229,,,
772899,31152,73153,,,
772900,31152,73668,,,
772902,31152,66501,,,
772903,31152,76228,,,
772904,31152,67523,,,
772905,31152,77249,,,
772906,31152,75713,,,
772907,31152,73145,,,
772909,31152,76732,,,
772910,31152,70203,,,
772911,31152,75194,,,
772912,31152,70584,,,
772913,31152,72631,,,
772914,31152,73654,,,
772916,31152,75180,,,
772918,31152,68531,,,
772919,31152,66480,,,
772920,31152,68017,,,
772921,31152,74672,,,
772923,31152,76713,,,
772924,31152,69037,,,
772925,31152,73130,,,
772926,31152,73131,,,
772927,31152,74153,,,
772928,31152,73129,,,
772930,31152,75173,,,
772931,31152,75686,,,
772932,31152,67493,,,
772933,31152,77218,,,
772934,31152,77216,,,
772935,31152,75040,,,
772937,31152,72990,,,
772938,31152,67869,,,
772939,31152,67866,,,
772940,31152,70934,,,
772942,31152,71959,,,
772944,31152,77073,,,
772945,31152,67858,,,
772946,31152,68874,,,
772947,31152,76554,,,
772948,31152,70927,,,
772949,31152,77070,,,
772951,31152,69388,,,
772952,31152,72457,,,
772953,31152,75018,,,
772954,31152,75017,,,
772955,31152,72967,,,
772956,31152,70905,,,
772958,31152,66295,,,
772959,31152,76532,,,
772960,31152,68336,,,
772961,31152,68848,,,
772962,31152,77039,,,
772963,31152,66282,,,
772965,31152,68839,,,
772967,31152,73952,,,
772968,31152,78049,,,
1363627,53608,27250,,,
772970,31152,68833,,,
772971,31152,73951,,,
772972,31152,66271,,,
772974,31152,68304,,,
772976,31152,70359,,,
772977,31152,66774,,,
772978,31152,76497,,,
772979,31152,70864,,,
772981,31152,77522,,,
772982,31152,77521,,,
772983,31152,74960,,,
772984,31152,68303,,,
772985,31152,78030,,,
772986,31152,67275,,,
772988,31152,68808,,,
772989,31152,102084,,,
772990,31152,102082,,,
772991,31152,77505,,,
772992,31152,66237,,,
772993,31152,74939,,,
772995,31152,70329,,,
772996,31152,70328,,,
772997,31152,75954,,,
772998,31152,75957,,,
773000,31152,66738,,,
773002,31152,78001,,,
773003,31152,77486,,,
773004,31152,77996,,,
773005,31152,66219,,,
773006,31152,77480,,,
773007,31152,76968,,,
773009,31152,72866,,,
773010,31152,74403,,,
773011,31152,72867,,,
773012,31152,74402,,,
773013,31152,69280,,,
773014,31152,71325,,,
773016,31152,69268,,,
773017,31152,74903,,,
773018,31152,72854,,,
773019,31152,75413,,,
773020,31152,72340,,,
773021,31152,74898,,,
773023,31152,72335,,,
773025,31152,77455,,,
773026,31152,70279,,,
773027,31152,74374,,,
773028,31152,73347,,,
773030,31152,74719,,,
773031,31152,68736,,,
773032,31152,74367,,,
773033,31152,76410,,,
773034,31152,68731,,,
773035,31152,74364,,,
773037,31152,73338,,,
773038,31152,72313,,,
773039,31152,72311,,,
773040,31152,69236,,,
773041,31152,71284,,,
773042,31152,72307,,,
773044,31152,77418,,,
773045,31152,74351,,,
773046,31152,76399,,,
773047,31152,74350,,,
773049,31152,77420,,,
773051,31152,77929,,,
773052,31152,76393,,,
773053,31152,76388,,,
773054,31152,74848,,,
773055,31152,66654,,,
773056,31152,66652,,,
773058,31152,76887,,,
773059,31152,77910,,,
773060,31152,77397,,,
773061,31152,76883,,,
773062,31152,70227,,,
773063,31152,76370,,,
773065,31152,71759,,,
773066,31152,74829,,,
773067,31152,74828,,,
773068,31152,71756,,,
773069,31152,77386,,,
773070,31152,66631,,,
773072,31152,68677,,,
773074,31152,75840,,,
773075,31152,75841,,,
1363634,53608,17384,,,
773077,31152,71232,,,
773078,31152,73791,,,
773079,31152,66622,,,
773081,31152,76711,,,
773083,31152,74656,,,
773084,31152,75167,,,
773085,31152,75166,,,
773086,31152,75165,,,
773088,31152,66458,,,
773089,31152,74649,,,
773090,31152,66969,,,
773091,31152,75160,,,
773092,31152,68503,,,
773093,31152,66453,,,
773095,31152,66446,,,
773096,31152,75661,,,
773097,31152,77194,,,
773098,31152,73609,,,
773099,31152,74119,,,
773100,31152,67547,,,
773102,31152,73603,,,
773103,31152,73602,,,
773104,31152,76673,,,
773105,31152,66433,,,
773107,31152,67967,,,
773109,31152,77178,,,
773110,31152,70520,,,
773111,31152,73590,,,
773112,31152,73077,,,
773113,31152,70004,,,
773114,31152,77680,,,
773116,31152,72044,,,
773117,31152,73581,,,
773118,31152,73580,,,
773119,31152,70498,,,
773120,31152,74086,,,
773121,31152,73570,,,
773123,31152,73571,,,
773124,31152,73569,,,
773125,31152,76129,,,
773126,31152,76128,,,
773127,31152,75170,,,
773128,31152,70489,,,
773130,31152,73559,,,
773132,31152,75086,,,
773133,31152,74572,,,
773134,31152,70985,,,
773135,31152,76102,,,
773137,31152,76608,,,
773138,31152,66367,,,
773139,31152,67899,,,
773140,31152,69946,,,
773141,31152,69944,,,
773142,31152,69942,,,
773144,31152,76596,,,
773145,31152,76595,,,
773146,31152,76081,,,
773147,31152,66865,,,
773148,31152,70956,,,
773149,31152,67884,,,
773151,31152,73001,,,
773152,31152,76069,,,
773153,31152,77092,,,
773154,31152,70947,,,
773156,31152,69409,,,
773158,31152,73275,,,
773159,31152,77370,,,
773160,31152,73273,,,
773161,31152,69169,,,
773162,31152,75821,,,
773163,31152,74804,,,
773165,31152,75824,,,
773166,31152,70705,,,
773167,31152,75311,,,
773168,31152,66095,,,
773169,31152,66094,,,
773170,31152,75309,,,
773172,31152,75306,,,
773173,31152,73254,,,
773174,31152,68642,,,
773175,31152,75297,,,
773176,31152,77342,,,
773177,31152,68124,,,
773179,31152,66586,,,
773181,31152,66071,,,
773182,31152,66070,,,
1363641,53608,35414,,,
773184,31152,73236,,,
773185,31152,73747,,,
773186,31152,73746,,,
773188,31152,69136,,,
773190,31152,75788,,,
773191,31152,75275,,,
773192,31152,73225,,,
773193,31152,70664,,,
773195,31152,73735,,,
773196,31152,74757,,,
773197,31152,66565,,,
773198,31152,75264,,,
773199,31153,77178,,,
773200,31153,70905,,,
773202,31153,75888,,,
773203,31153,77680,,,
773204,31153,68976,,,
773205,31153,77418,,,
773206,31153,67559,,,
773207,31153,76903,,,
773209,31153,73952,,,
773210,31153,77665,,,
773211,31153,76640,,,
773212,31153,67547,,,
773214,31153,76887,,,
773216,31153,76883,,,
773217,31153,77907,,,
773218,31153,76497,,,
773219,31153,76496,,,
773220,31153,74831,,,
773221,31153,72264,,,
773223,31153,73153,,,
773224,31153,77249,,,
773225,31153,77378,,,
773226,31153,78017,,,
773227,31153,69183,,,
773228,31153,70203,,,
773230,31153,70584,,,
773231,31153,77368,,,
773232,31153,72313,,,
773233,31153,69169,,,
773234,31153,75313,,,
773235,31153,77996,,,
773237,31153,77228,,,
773239,31153,77733,,,
773240,31153,76711,,,
773241,31153,71077,,,
773242,31153,75814,,,
773244,31153,75170,,,
773245,31153,77218,,,
773246,31153,77216,,,
773247,31153,69023,,,
773248,31153,74910,,,
773249,31153,68124,,,
773251,31153,74907,,,
773252,31153,69268,,,
773253,31153,74903,,,
773254,31153,71190,,,
773255,31153,67990,,,
773256,31153,77589,,,
773258,31153,74898,,,
773259,31153,67986,,,
773260,31153,77073,,,
773261,31153,72335,,,
773263,31153,71180,,,
773265,31153,73985,,,
773266,31161,18877,,,
773267,31161,25277,,,
773268,31161,3195,,,
773269,31161,27962,,,
773270,31161,2936,,,
773272,31161,59667,,,
773273,31161,41264,,,
773274,31161,32463,,,
773275,31161,57245,,,
773276,31161,27756,,,
773277,31161,31498,,,
773279,31161,39526,,,
773280,31161,26979,,,
773281,31183,2621,,,
773282,31183,33595,,,
773283,31183,278,,,
773284,31183,5014,,,
773286,31183,208,,,
773288,31183,1678,,,
773289,31183,60517,,,
1363648,53608,22850,,,
773291,31177,81148,,,
773292,31177,93684,,,
773293,31177,84332,,,
773295,31177,80994,,,
773297,31177,78679,,,
773298,31177,79954,,,
773299,31177,78674,,,
773300,31177,88777,,,
773302,31177,89535,,,
773303,31177,92603,,,
773304,31177,82102,,,
773305,31177,92596,,,
773306,31177,87679,,,
773307,31177,92588,,,
773309,31177,80170,,,
773310,31177,87080,,,
773311,31177,91169,,,
773312,31177,82331,,,
773313,31177,82322,,,
773314,31177,88721,,,
773316,31177,91523,,,
773317,31177,78464,,,
773318,31141,67582,,,
773319,31141,77820,,,
773321,31141,77796,,,
773323,31141,77794,,,
773324,31141,77793,,,
773325,31141,73688,,,
773326,31141,77776,,,
773327,31141,73663,,,
773328,31141,77752,,,
773330,31141,77745,,,
773331,31141,77743,,,
773332,31141,77740,,,
773333,31141,67499,,,
773334,31141,77734,,,
773335,31141,77736,,,
773337,31141,67494,,,
773338,31141,73637,,,
773339,31141,77719,,,
773340,31141,69523,,,
773341,31141,71569,,,
773342,31141,77711,,,
773344,31141,71559,,,
773346,31141,77696,,,
773347,31141,67454,,,
773348,31141,71549,,,
773349,31141,67443,,,
773351,31141,77669,,,
773352,31141,73571,,,
773353,31141,71516,,,
773354,31141,69468,,,
773355,31141,75602,,,
773356,31141,69453,,,
773358,31141,67399,,,
773359,31141,67397,,,
773360,31141,67396,,,
773361,31141,67395,,,
773362,31141,67394,,,
773363,31141,67393,,,
773365,31141,67389,,,
773366,31141,73529,,,
773367,31141,77607,,,
773368,31141,69415,,,
773370,31141,67355,,,
773372,31141,77583,,,
773373,31141,67327,,,
773374,31141,67325,,,
773375,31141,67324,,,
773376,31141,77559,,,
773377,31141,75508,,,
773379,31141,73457,,,
773380,31141,71403,,,
773381,31141,77536,,,
773382,31141,77532,,,
773383,31141,77531,,,
773384,31141,67282,,,
773386,31141,77523,,,
773387,31141,75474,,,
773388,31141,75467,,,
773389,31141,71366,,,
773390,31141,71365,,,
773391,31141,75455,,,
773393,31141,71357,,,
773395,31141,75440,,,
773396,31141,77480,,,
1363655,53608,29741,,,
773398,31141,77455,,,
773399,31141,77454,,,
773400,31141,77453,,,
773402,31141,71294,,,
773404,31141,77432,,,
773405,31141,77429,,,
773406,31141,67185,,,
773407,31141,77420,,,
773409,31141,71241,,,
773410,31141,71239,,,
773411,31141,69183,,,
773412,31141,67130,,,
773413,31141,73275,,,
773414,31141,73274,,,
773416,31141,71221,,,
773417,31141,69174,,,
773418,31141,69173,,,
773419,31141,71217,,,
773420,31141,69166,,,
773421,31141,69158,,,
773423,31141,67100,,,
773424,31141,75289,,,
773425,31141,69143,,,
773426,31141,73236,,,
773428,31141,71188,,,
773430,31141,73227,,,
773431,31141,75274,,,
773432,31141,71175,,,
773433,31141,71174,,,
773434,31141,73219,,,
773435,31141,73218,,,
773437,31141,77309,,,
773438,31141,71155,,,
773439,31141,77295,,,
773440,31141,75242,,,
773441,31141,73191,,,
773442,31141,71139,,,
773444,31141,67030,,,
773445,31141,71126,,,
773446,31141,71125,,,
773447,31141,73171,,,
773448,31141,73163,,,
773449,31141,67013,,,
773451,31141,73136,,,
773453,31141,75180,,,
773454,31141,71083,,,
773455,31141,77226,,,
773456,31141,77218,,,
773458,31141,69023,,,
773459,31141,75166,,,
773460,31141,66969,,,
773461,31141,75157,,,
773462,31141,69011,,,
773463,31141,77197,,,
773465,31141,75148,,,
773466,31141,72940,,,
773467,31141,68840,,,
773468,31141,74972,,,
773469,31141,72923,,,
773470,31141,74947,,,
773472,31141,74939,,,
773473,31141,66712,,,
773474,31141,70807,,,
773475,31141,72827,,,
773477,31141,70779,,,
773479,31141,72817,,,
773480,31141,72816,,,
773481,31141,74857,,,
773482,31141,66654,,,
773483,31141,66652,,,
773484,31141,70746,,,
773486,31141,66645,,,
773487,31141,70739,,,
773488,31141,70732,,,
773489,31141,66631,,,
773490,31141,74810,,,
773491,31141,68665,,,
773493,31141,74803,,,
773494,31141,74802,,,
773495,31141,66604,,,
773496,31141,76840,,,
773497,31141,74783,,,
773498,31141,72728,,,
773500,31141,70670,,,
773502,31141,70663,,,
773503,31141,76805,,,
1363662,53608,56471,,,
773505,31141,72690,,,
773506,31141,70641,,,
773507,31141,74734,,,
773509,31141,66538,,,
773511,31141,74724,,,
773512,31141,74723,,,
773513,31141,74717,,,
773514,31141,70607,,,
773516,31141,66483,,,
773517,31141,70576,,,
773518,31141,70575,,,
773519,31141,70569,,,
773520,31141,74661,,,
773521,31141,72608,,,
773523,31141,76704,,,
773524,31141,66460,,,
773525,31141,74652,,,
773526,31141,74649,,,
773527,31141,70552,,,
773528,31141,76687,,,
773530,31141,68489,,,
773531,31141,72584,,,
773532,31141,72582,,,
773533,31141,68481,,,
773535,31141,74611,,,
773537,31141,74609,,,
773538,31141,74608,,,
773539,31141,70499,,,
773540,31141,70498,,,
773541,31141,72543,,,
773542,31141,68444,,,
773544,31141,76625,,,
773545,31141,76622,,,
773546,31141,76613,,,
773547,31141,76606,,,
773548,31141,66358,,,
773549,31141,68402,,,
773551,31141,68400,,,
773552,31141,68401,,,
773553,31141,66352,,,
773554,31141,68399,,,
773555,31141,68398,,,
773556,31141,68397,,,
773558,31141,70437,,,
773560,31141,66326,,,
773561,31141,76556,,,
773562,31141,72457,,,
773563,31141,66300,,,
773565,31141,66295,,,
773566,31141,72428,,,
773567,31141,72422,,,
773568,31141,74461,,,
773569,31141,74460,,,
773570,31141,74458,,,
773572,31141,70359,,,
773573,31141,76501,,,
773574,31141,76500,,,
773575,31141,72384,,,
773576,31141,66239,,,
773577,31141,72382,,,
773579,31141,68274,,,
773580,31141,74398,,,
773581,31141,66200,,,
773582,31141,66199,,,
773584,31141,74386,,,
773586,31141,68231,,,
773587,31141,76409,,,
773588,31141,72297,,,
773589,31141,76392,,,
773590,31141,76385,,,
773591,31141,66137,,,
773593,31141,66134,,,
773594,31141,66131,,,
773595,31141,66129,,,
773596,31141,66126,,,
773597,31141,68160,,,
773598,31141,66107,,,
773600,31141,66094,,,
773601,31141,68135,,,
773602,31141,68134,,,
773603,31141,68133,,,
773604,31141,70162,,,
773605,31141,72196,,,
773607,31141,68086,,,
773609,31141,68045,,,
773610,31141,70092,,,
1363669,53608,20992,,,
773612,31141,70085,,,
773613,31141,70084,,,
773614,31141,70083,,,
773616,31141,74171,,,
773618,31141,67996,,,
773619,31141,74131,,,
773620,31141,74129,,,
773621,31141,70030,,,
773623,31141,76165,,,
773624,31141,70021,,,
773625,31141,74112,,,
773626,31141,72057,,,
773627,31141,72051,,,
773628,31141,76148,,,
773630,31141,72040,,,
773631,31141,76136,,,
773632,31141,74066,,,
773633,31141,76113,,,
773634,31141,67920,,,
773635,31141,76110,,,
773637,31141,76108,,,
773638,31141,76107,,,
773639,31141,76105,,,
773640,31141,67910,,,
773642,31141,72003,,,
773644,31141,67905,,,
773645,31141,67904,,,
773646,31141,67899,,,
773647,31141,76087,,,
773648,31141,67890,,,
773649,31141,67866,,,
773651,31141,76052,,,
773652,31141,78094,,,
773653,31141,67853,,,
773654,31141,73993,,,
773655,31141,67840,,,
773656,31141,76028,,,
773658,31141,71917,,,
773659,31141,78060,,,
773660,31141,66955,,,
773661,31141,77194,,,
773662,31141,77192,,,
773663,31141,73077,,,
773665,31141,68976,,,
773667,31141,75101,,,
773668,31141,70995,,,
773669,31141,75089,,,
773670,31141,75086,,,
773672,31141,70970,,,
773673,31141,75063,,,
773674,31141,70956,,,
773675,31141,75048,,,
773676,31141,70948,,,
773677,31141,75044,,,
773679,31141,66847,,,
773680,31141,75037,,,
773681,31141,72981,,,
773682,31141,75029,,,
773683,31141,72979,,,
773684,31141,68877,,,
773686,31141,70928,,,
773687,31141,75018,,,
773688,31141,77069,,,
773689,31141,68875,,,
773691,31141,70923,,,
773693,31141,75017,,,
773694,31141,77064,,,
773695,31141,72967,,,
773696,31141,77061,,,
773697,31141,68867,,,
773698,31141,77056,,,
773700,31141,70896,,,
773701,31141,77039,,,
773702,31141,71907,,,
773703,31141,78047,,,
773704,31141,73951,,,
773705,31141,75996,,,
773707,31141,71887,,,
773708,31141,78029,,,
773709,31141,71883,,,
773710,31141,73927,,,
773711,31141,71877,,,
773712,31141,78008,,,
773714,31141,73908,,,
773716,31141,69788,,,
773717,31141,71831,,,
1363676,53597,85863,,,
773719,31141,75917,,,
773720,31141,77964,,,
773721,31141,71816,,,
773723,31141,69755,,,
773725,31141,77921,,,
773726,31141,75869,,,
773727,31141,77915,,,
773728,31141,75863,,,
773730,31141,69704,,,
773731,31141,71749,,,
773732,31141,77889,,,
773733,31141,77873,,,
773734,31141,75823,,,
773735,31141,75821,,,
773737,31141,69670,,,
773738,31141,75814,,,
773739,31141,73751,,,
773740,31141,77844,,,
773741,31141,77843,,,
773742,31141,75785,,,
773744,31162,70655,,,
773745,31162,73726,,,
773746,31162,73725,,,
773747,31162,77307,,,
773749,31162,66547,,,
773751,31162,67050,,,
773752,31162,68587,,,
773753,31162,67562,,,
773754,31162,73189,,,
773755,31162,73190,,,
773756,31162,75749,,,
773758,31162,72163,,,
773759,31162,73183,,,
773760,31162,73181,,,
773761,31162,75738,,,
773762,31162,69588,,,
773763,31162,73170,,,
773765,31162,70085,,,
773766,31162,73157,,,
773767,31162,73668,,,
773768,31162,67523,,,
773769,31162,77249,,,
773770,31162,73662,,,
773772,31162,73148,,,
773774,31162,73657,,,
773775,31162,73143,,,
773776,31162,72631,,,
773777,31162,73654,,,
773779,31162,74676,,,
773780,31162,68531,,,
773781,31162,66994,,,
773782,31162,66480,,,
773783,31162,74672,,,
773784,31162,66991,,,
773786,31162,66476,,,
773787,31162,66988,,,
773788,31162,67497,,,
773789,31162,76713,,,
773790,31162,66470,,,
773791,31162,73638,,,
773793,31162,69537,,,
773794,31162,77215,,,
773795,31162,68510,,,
773796,31162,68509,,,
773798,31162,70555,,,
773800,31162,70030,,,
773801,31162,66446,,,
773802,31162,75661,,,
773803,31162,74119,,,
773804,31162,68486,,,
773805,31162,68482,,,
773807,31162,77691,,,
773808,31162,70011,,,
773809,31162,70522,,,
773810,31162,76146,,,
773811,31162,66415,,,
773812,31162,68975,,,
773814,31162,68450,,,
773815,31162,70997,,,
773816,31162,69972,,,
773817,31162,77651,,,
773818,31162,77128,,,
773819,31162,68423,,,
773821,31162,68418,,,
773823,31162,75775,,,
773824,31162,66361,,,
1363683,53597,79954,,,
773826,31162,69942,,,
773827,31162,66355,,,
773828,31162,70959,,,
773830,31162,76069,,,
773832,31162,70947,,,
773833,31162,76577,,,
773834,31162,75040,,,
773835,31162,76566,,,
773837,31162,69906,,,
773838,31162,77072,,,
773839,31162,77070,,,
773840,31162,72460,,,
773841,31162,73995,,,
773842,31162,76554,,,
773844,31162,78068,,,
773845,31162,75507,,,
773846,31162,75502,,,
773847,31162,68836,,,
773848,31162,76514,,,
773849,31162,78050,,,
773851,31162,77533,,,
773852,31162,76508,,,
773853,31162,73435,,,
773854,31162,67801,,,
773856,31162,70359,,,
773858,31162,72905,,,
773859,31162,75453,,,
773860,31162,70328,,,
773861,31162,75443,,,
773862,31162,67762,,,
773863,31162,70320,,,
773865,31162,66730,,,
773866,31162,75434,,,
773867,31162,77480,,,
773868,31162,68263,,,
773869,31162,69284,,,
773870,31162,77470,,,
773872,31162,77468,,,
773873,31162,74903,,,
773874,31162,75412,,,
773875,31162,74899,,,
773876,31162,74898,,,
773877,31162,68740,,,
773879,31162,76410,,,
773881,31162,69754,,,
773882,31162,72311,,,
773883,31162,67186,,,
773884,31162,73328,,,
773886,31162,77422,,,
773887,31162,69119,,,
773888,31162,68714,,,
773889,31162,76393,,,
773890,31162,73314,,,
773891,31162,72289,,,
773893,31162,77910,,,
773894,31162,76370,,,
773895,31162,77390,,,
773896,31162,74829,,,
773897,31162,74828,,,
773898,31162,72778,,,
773900,31162,73286,,,
773901,31162,73283,,,
773902,31162,73792,,,
773903,31162,71232,,,
773905,31162,68669,,,
773907,31162,77370,,,
773908,31162,69170,,,
773909,31162,76849,,,
773910,31162,75311,,,
773911,31162,67071,,,
773912,31162,75307,,,
773914,31162,73257,,,
773915,31162,67070,,,
773916,31162,73248,,,
773917,31162,73247,,,
773918,31162,73240,,,
773919,31162,73239,,,
773921,31162,73749,,,
773922,31162,73236,,,
773923,31162,73235,,,
773924,31162,67084,,,
773925,31162,66063,,,
773926,31162,73742,,,
773928,31162,73740,,,
773930,31162,67079,,,
773931,31162,67076,,,
1363690,53597,88390,,,
773933,31162,67075,,,
773934,31162,67074,,,
773935,31162,73730,,,
773937,31163,76893,,,
773939,31163,75355,,,
773940,31163,75354,,,
773941,31163,78104,,,
773942,31163,78135,,,
773944,31163,71187,,,
773945,31163,67667,,,
773946,31163,75986,,,
773947,31163,67665,,,
773948,31163,67660,,,
773949,31163,66498,,,
773951,31165,73215,,,
773952,31165,73273,,,
773953,31165,73198,,,
773954,31165,69006,,,
773955,31165,69004,,,
773956,31165,73221,,,
773958,31166,69994,,,
773959,31166,67947,,,
773960,31166,70507,,,
773961,31166,67306,,,
773963,31166,67304,,,
773965,31166,67043,,,
773966,31166,73186,,,
773967,31166,67294,,,
773968,31166,71390,,,
773969,31166,67037,,,
773970,31166,67031,,,
773972,31166,67027,,,
773973,31166,70738,,,
773974,31166,73552,,,
773975,31166,67023,,,
773976,31166,67022,,,
773977,31166,67020,,,
773979,31166,67786,,,
773980,31166,76617,,,
773981,31166,67781,,,
773982,31166,73919,,,
773983,31166,67004,,,
773984,31166,73528,,,
773986,31166,72878,,,
773988,31166,67883,,,
773989,31166,76196,,,
773990,31166,74657,,,
773991,31166,75933,,,
773993,31166,66969,,,
773994,31166,72596,,,
773995,31166,66190,,,
773996,31166,72584,,,
773997,31166,68867,,,
773998,31168,67708,,,
774000,31168,67702,,,
774001,31168,67955,,,
774002,31168,66547,,,
774003,31168,75120,,,
774004,31168,71786,,,
774005,31168,75361,,,
774007,31168,75741,,,
774008,31168,75357,,,
774009,31168,77910,,,
774010,31168,73939,,,
774012,31168,68174,,,
774014,31168,77262,,,
774015,31168,67658,,,
774016,31168,66888,,,
774017,31168,76612,,,
774018,31168,70974,,,
774019,31168,74038,,,
774021,31168,69286,,,
774022,31168,69413,,,
774023,31168,66335,,,
774024,31168,66204,,,
774025,31168,67736,,,
774026,31168,70293,,,
774028,31168,67086,,,
774029,31168,66441,,,
774030,31168,66440,,,
774031,31168,75143,,,
774032,31168,77184,,,
774033,31169,638,,,
774035,31169,64380,,,
774037,31169,2936,,,
774038,31169,27756,,,
1363697,53597,91570,,,
774040,31169,39526,,,
774041,31169,26979,,,
774042,31169,58587,,,
774044,31169,18132,,,
774046,31169,32842,,,
774047,31169,59847,,,
774048,31169,32708,,,
774049,31169,24639,,,
774051,31169,25277,,,
774052,31169,27962,,,
774053,31169,59320,,,
774054,31169,41264,,,
774055,31169,62379,,,
774056,31169,31525,,,
774058,31169,34,,,
774059,31169,57245,,,
774060,31169,59667,,,
774061,31169,31498,,,
774062,31169,30090,,,
774063,31169,35715,,,
774065,31154,88126,,,
774066,31154,84981,,,
774067,31154,84980,,,
774068,31154,81393,,,
774070,31154,81891,,,
774072,31154,87003,,,
774073,31154,79320,,,
774074,31154,84434,,,
774075,31154,78794,,,
774076,31154,78792,,,
774077,31154,86462,,,
774079,31154,89001,,,
774080,31154,88996,,,
774081,31154,88484,,,
774082,31154,82333,,,
774083,31154,89990,,,
774084,31154,84357,,,
774086,31154,82807,,,
774087,31154,80246,,,
774088,31154,86387,,,
774089,31154,90990,,,
774090,31154,81258,,,
774091,31154,78183,,,
774093,31154,89442,,,
774095,31154,84307,,,
774096,31154,86865,,,
774097,31154,82733,,,
774098,31154,83240,,,
774100,31154,83235,,,
774101,31154,82718,,,
774102,31154,82717,,,
774103,31154,80669,,,
774104,31154,91418,,,
774105,31154,81682,,,
774107,31154,88332,,,
774108,31154,81674,,,
774109,31154,88839,,,
774110,31154,88838,,,
774111,31154,84228,,,
774112,31154,84732,,,
774114,31154,86774,,,
774115,31154,88820,,,
774116,31154,84719,,,
774117,31154,87788,,,
774119,31154,83652,,,
774121,31154,85174,,,
774122,31154,81073,,,
774123,31154,85679,,,
774124,31154,81070,,,
774125,31154,81068,,,
774126,31154,81059,,,
774128,31154,89757,,,
774129,31154,87194,,,
774130,31154,89749,,,
774131,31154,79503,,,
774132,31154,89737,,,
774133,31154,81031,,,
774135,31154,81026,,,
774136,31154,89725,,,
774137,31154,78972,,,
774138,31154,79479,,,
774139,31154,89718,,,
774140,31154,90733,,,
774142,31154,90729,,,
774144,31154,86617,,,
774145,31154,86616,,,
1363704,53597,81426,,,
774147,31154,86614,,,
774148,31154,88137,,,
774149,31154,88138,,,
774151,31154,88140,,,
774153,31154,86605,,,
774154,31154,89164,,,
774155,31154,88139,,,
774156,31154,80455,,,
774158,31154,87624,,,
774159,31154,89159,,,
774160,31154,88134,,,
774161,31154,88133,,,
774162,31154,88132,,,
774163,31154,88131,,,
774165,31154,88129,,,
774166,31154,88128,,,
774167,31154,84030,,,
774168,31154,82494,,,
774169,31154,88125,,,
774170,31154,81467,,,
774172,31154,88136,,,
774173,31154,88135,,,
774174,31154,88615,,,
774175,31154,84518,,,
774177,31154,82965,,,
774179,31154,84485,,,
774180,31174,73726,,,
774181,31174,77808,,,
774182,31174,71659,,,
774183,31174,67562,,,
774184,31174,75749,,,
774186,31174,77792,,,
774187,31174,75745,,,
774188,31174,75744,,,
774189,31174,69593,,,
774190,31174,75740,,,
774191,31174,71641,,,
774193,31174,75737,,,
774194,31174,67537,,,
774195,31174,67539,,,
774196,31174,73685,,,
774197,31174,75733,,,
774198,31174,69588,,,
774200,31174,77778,,,
774202,31174,75728,,,
774203,31174,73676,,,
774204,31174,77772,,,
774205,31174,67532,,,
774207,31174,67526,,,
774208,31174,75716,,,
774209,31174,71620,,,
774210,31174,67523,,,
774211,31174,73257,,,
774212,31174,75713,,,
774214,31174,75711,,,
774215,31174,73662,,,
774216,31174,75709,,,
774217,31174,77750,,,
774218,31174,73654,,,
774219,31174,69554,,,
774221,31174,71596,,,
774222,31174,76102,,,
774223,31174,67496,,,
774224,31174,73638,,,
774226,31174,69537,,,
774228,31174,69533,,,
774229,31174,67477,,,
774230,31174,77717,,,
774231,31174,77716,,,
774232,31174,77710,,,
774233,31174,67471,,,
774235,31174,67469,,,
774236,31174,77697,,,
774237,31174,77691,,,
774238,31174,73592,,,
774239,31174,67448,,,
774240,31174,69483,,,
774242,31174,77667,,,
774243,31174,73567,,,
774244,31174,73566,,,
774245,31174,69469,,,
774246,31174,67419,,,
774247,31174,77651,,,
774249,31174,77640,,,
774251,31174,73528,,,
774252,31174,69425,,,
1363711,53597,86787,,,
774254,31174,69414,,,
774255,31174,69413,,,
774256,31174,67355,,,
774258,31174,67335,,,
774260,31174,75508,,,
774261,31174,75507,,,
774262,31174,75501,,,
774263,31174,67306,,,
774265,31174,67303,,,
774266,31174,67302,,,
774267,31174,67301,,,
774268,31174,77533,,,
774269,31174,67294,,,
774270,31174,71390,,,
774272,31174,75476,,,
774273,31174,69324,,,
774274,31174,77511,,,
774275,31174,71367,,,
774276,31174,69318,,,
774277,31174,69316,,,
774279,31174,75453,,,
774280,31174,75451,,,
774281,31174,77496,,,
774282,31174,75439,,,
774284,31174,77482,,,
774286,31174,72008,,,
774287,31174,72007,,,
774288,31174,67910,,,
774289,31174,76094,,,
774290,31174,69949,,,
774291,31174,76091,,,
774293,31174,76082,,,
774294,31174,76081,,,
774295,31174,69931,,,
774296,31174,76069,,,
774297,31174,69918,,,
774298,31174,76059,,,
774300,31174,76049,,,
774301,31174,73995,,,
774302,31174,67843,,,
774303,31174,76030,,,
774304,31174,69880,,,
774305,31174,69879,,,
774307,31174,78068,,,
774309,31174,78058,,,
774310,31174,69859,,,
774311,31174,78051,,,
774312,31174,78050,,,
774314,31174,75996,,,
774315,31174,75983,,,
774316,31174,78030,,,
774317,31174,78028,,,
774318,31174,67786,,,
774319,31174,67785,,,
774321,31174,67781,,,
774322,31174,71874,,,
774323,31174,71855,,,
774324,31174,75951,,,
774325,31174,75949,,,
774326,31174,67757,,,
774328,31174,75929,,,
774329,31174,75926,,,
774330,31174,75925,,,
774331,31174,77389,,,
774333,31174,69193,,,
774335,31174,73286,,,
774336,31174,75326,,,
774337,31174,69188,,,
774338,31174,73283,,,
774339,31174,69186,,,
774340,31174,69185,,,
774342,31174,75321,,,
774343,31174,69180,,,
774344,31174,71227,,,
774345,31174,69179,,,
774346,31174,67130,,,
774347,31174,71226,,,
774349,31174,73272,,,
774350,31174,73270,,,
774351,31174,75318,,,
774352,31174,69172,,,
774353,31174,69170,,,
774354,31174,67115,,,
774356,31174,73263,,,
774358,31174,75309,,,
774359,31174,75307,,,
1363716,53630,80828,,,
774361,31174,69155,,,
774362,31174,67113,,,
774363,31174,73256,,,
774365,31174,73254,,,
774367,31174,67107,,,
774368,31174,69154,,,
774369,31174,75295,,,
774370,31174,67105,,,
774372,31174,73247,,,
774373,31174,77342,,,
774374,31174,67100,,,
774375,31174,69143,,,
774376,31174,73238,,,
774377,31174,73236,,,
774379,31174,69136,,,
774380,31174,71183,,,
774381,31174,69133,,,
774382,31174,73223,,,
774383,31174,69125,,,
774384,31174,67076,,,
774386,31174,73214,,,
774387,31174,77307,,,
774388,31174,77288,,,
774389,31174,73188,,,
774391,31174,73186,,,
774393,31174,73187,,,
774394,31174,69090,,,
774395,31174,73185,,,
774396,31174,71136,,,
774397,31174,69087,,,
774398,31174,77269,,,
774400,31174,67028,,,
774401,31174,73170,,,
774402,31174,77259,,,
774403,31174,73157,,,
774404,31174,69056,,,
774405,31174,73148,,,
774407,31174,69050,,,
774408,31174,73143,,,
774409,31174,77229,,,
774410,31174,66988,,,
774411,31174,69032,,,
774412,31174,73127,,,
774414,31174,77223,,,
774416,31174,75170,,,
774417,31174,69025,,,
774418,31174,77215,,,
774419,31174,75167,,,
774421,31174,77209,,,
774422,31174,75160,,,
774423,31174,69013,,,
774424,31174,77205,,,
774425,31174,69011,,,
774426,31174,71056,,,
774428,31174,71042,,,
774429,31174,77181,,,
774430,31174,71035,,,
774431,31174,68987,,,
774432,31174,68985,,,
774433,31174,68982,,,
774435,31174,68974,,,
774436,31174,68973,,,
774437,31174,75114,,,
774438,31174,77156,,,
774440,31174,66909,,,
774442,31174,73052,,,
774443,31174,73034,,,
774444,31174,77128,,,
774445,31174,77120,,,
774446,31174,73025,,,
774447,31174,73024,,,
774449,31174,73019,,,
774450,31174,70970,,,
774451,31174,77111,,,
774452,31174,66872,,,
774453,31174,66871,,,
774454,31174,77108,,,
774456,31174,70959,,,
774457,31174,70958,,,
774458,31174,73004,,,
774459,31174,70947,,,
774460,31174,68895,,,
774461,31174,68893,,,
774463,31174,70932,,,
774465,31174,77074,,,
774466,31174,68878,,,
1363720,53630,84496,,,
774468,31174,68868,,,
774469,31174,68867,,,
774470,31174,72953,,,
774472,31174,68855,,,
774474,31174,68848,,,
774475,31174,66798,,,
774476,31174,68836,,,
774477,31174,74978,,,
774479,31174,72928,,,
774480,31174,72926,,,
774481,31174,72925,,,
774482,31174,77014,,,
774483,31174,72915,,,
774484,31174,77011,,,
774486,31174,72905,,,
774487,31174,68808,,,
774488,31174,74950,,,
774489,31174,74948,,,
774490,31174,68801,,,
774491,31174,74945,,,
774493,31174,74940,,,
774494,31174,66744,,,
774495,31174,68788,,,
774496,31174,66740,,,
774498,31174,72877,,,
774500,31174,72876,,,
774501,31174,72874,,,
774502,31174,68774,,,
774503,31174,66715,,,
774504,31174,74903,,,
774505,31174,74899,,,
774507,31174,68740,,,
774508,31174,68737,,,
774509,31174,68731,,,
774510,31174,74867,,,
774511,31174,68723,,,
774512,31174,74866,,,
774514,31174,66665,,,
774515,31174,72808,,,
774516,31174,74848,,,
774517,31174,70752,,,
774518,31174,66651,,,
774519,31174,70745,,,
774521,31174,74838,,,
774523,31174,74829,,,
774524,31174,74828,,,
774525,31174,66631,,,
774526,31174,68677,,,
774528,31174,76860,,,
774529,31174,76858,,,
774530,31174,74804,,,
774531,31174,68654,,,
774532,31174,72749,,,
774533,31174,70692,,,
774535,31174,76834,,,
774536,31174,68635,,,
774537,31174,66582,,,
774538,31174,76811,,,
774539,31174,74762,,,
774540,31174,76809,,,
774542,31174,74752,,,
774543,31174,70655,,,
774544,31174,66547,,,
774545,31174,66545,,,
774547,31174,68586,,,
774549,31174,74721,,,
774550,31174,70620,,,
774551,31174,74719,,,
774552,31174,72671,,,
774553,31174,72670,,,
774554,31174,72668,,,
774556,31174,74714,,,
774557,31174,66520,,,
774558,31174,72665,,,
774559,31174,68568,,,
774560,31174,66519,,,
774561,31174,66515,,,
774563,31174,66514,,,
774564,31174,66512,,,
774565,31174,74696,,,
774566,31174,72631,,,
774567,31174,74676,,,
774568,31174,68531,,,
774570,31174,74670,,,
774572,31174,66470,,,
774573,31174,76707,,,
1363727,53630,81448,,,
774575,31174,74657,,,
774576,31174,70559,,,
774577,31174,68510,,,
774579,31174,70551,,,
774581,31174,66446,,,
774582,31174,76683,,,
774583,31174,68491,,,
774584,31174,72584,,,
774586,31174,72582,,,
774587,31174,68485,,,
774588,31174,68482,,,
774589,31174,70527,,,
774590,31174,70524,,,
774591,31174,70522,,,
774593,31174,70507,,,
774594,31174,76650,,,
774595,31174,68453,,,
774596,31174,68450,,,
774597,31174,76640,,,
774598,31174,70496,,,
774600,31174,70494,,,
774601,31174,76630,,,
774602,31174,76629,,,
774603,31174,74580,,,
774605,31174,76622,,,
774607,31174,76614,,,
774608,31174,76612,,,
774609,31174,68418,,,
774610,31174,72509,,,
774611,31174,66361,,,
774612,31174,66355,,,
774614,31174,68400,,,
774615,31174,72483,,,
774616,31174,70434,,,
774617,31174,68385,,,
774618,31174,72478,,,
774619,31174,76569,,,
774621,31174,66312,,,
774622,31174,66307,,,
774623,31174,72444,,,
774624,31174,76521,,,
774625,31174,72423,,,
774626,31174,66277,,,
774628,31174,70370,,,
774630,31174,76508,,,
774631,31174,68312,,,
774632,31174,74447,,,
774633,31174,76497,,,
774635,31174,68303,,,
774636,31174,70350,,,
774637,31174,70349,,,
774638,31174,66251,,,
774639,31174,76490,,,
774640,31174,72392,,,
774642,31174,70328,,,
774643,31174,76470,,,
774644,31174,70320,,,
774645,31174,76464,,,
774646,31174,76462,,,
774647,31174,70317,,,
774649,31174,68263,,,
774650,31174,76454,,,
774651,31174,70306,,,
774652,31174,70304,,,
774654,31174,76440,,,
774656,31174,66190,,,
774657,31174,70284,,,
774658,31174,76426,,,
774659,31174,74376,,,
774660,31174,72311,,,
774661,31174,70262,,,
774663,31174,76394,,,
774664,31174,76393,,,
774665,31174,66150,,,
774666,31174,72289,,,
774667,31174,76385,,,
774668,31174,72281,,,
774670,31174,76370,,,
774671,31174,74319,,,
774672,31174,68175,,,
774673,31174,70220,,,
774674,31174,68171,,,
774675,31174,68170,,,
774677,31174,68166,,,
774679,31174,68164,,,
774680,31174,76347,,,
1363734,53596,27764,,,
774682,31174,76331,,,
774683,31174,68135,,,
774684,31174,70180,,,
774686,31174,68127,,,
774688,31174,76309,,,
774689,31174,74258,,,
774690,31174,76304,,,
774691,31174,66063,,,
774693,31174,70149,,,
774694,31174,76288,,,
774695,31174,70137,,,
774696,31174,72163,,,
774697,31174,76253,,,
774698,31174,70085,,,
774700,31174,74172,,,
774701,31174,74174,,,
774702,31174,74173,,,
774703,31174,70076,,,
774704,31174,76215,,,
774705,31174,76204,,,
774707,31174,74142,,,
774708,31174,76192,,,
774709,31174,76191,,,
774710,31174,76190,,,
774712,31174,70030,,,
774714,31174,76164,,,
774715,31174,72065,,,
774716,31174,74112,,,
774717,31174,74111,,,
774718,31174,76158,,,
774719,31174,76157,,,
774721,31174,76155,,,
774722,31174,76146,,,
774723,31174,67947,,,
774724,31174,69994,,,
774725,31174,74086,,,
774726,31174,76131,,,
774728,31174,69972,,,
774729,31174,76113,,,
774730,31174,76110,,,
774731,31174,76109,,,
774732,31174,69965,,,
774733,31174,76108,,,
774735,31174,76105,,,
774737,31174,75429,,,
774738,31174,69284,,,
774739,31174,77472,,,
774740,31174,77470,,,
774742,31174,77466,,,
774743,31174,75412,,,
774744,31174,69256,,,
774745,31174,75390,,,
774746,31174,71289,,,
774747,31174,71290,,,
774749,31174,71288,,,
774750,31174,77432,,,
774751,31174,67190,,,
774752,31174,73332,,,
774753,31174,69236,,,
774754,31174,67186,,,
774756,31174,77424,,,
774757,31174,69226,,,
774758,31174,77415,,,
774759,31174,73315,,,
774761,31174,77400,,,
774763,31174,77397,,,
774764,31174,73294,,,
774765,31174,77390,,,
774766,31174,75922,,,
774767,31174,75921,,,
774768,31174,75912,,,
774770,31174,73858,,,
774771,31174,77953,,,
774772,31174,67709,,,
774773,31174,69754,,,
774774,31174,69753,,,
774775,31174,69744,,,
774777,31174,77930,,,
774778,31174,77925,,,
774779,31174,71779,,,
774780,31174,77910,,,
774781,31174,75850,,,
774782,31174,75847,,,
774784,31174,69703,,,
774786,31174,69699,,,
774787,31174,73792,,,
1363741,53690,90760,,,
774789,31174,75841,,,
774790,31174,75840,,,
774791,31174,73791,,,
774793,31174,75834,,,
774795,31174,77866,,,
774796,31174,69670,,,
774797,31174,75813,,,
774798,31174,67608,,,
774800,31174,73749,,,
774801,31174,71698,,,
774802,31174,67600,,,
774803,31174,67599,,,
774804,31174,73742,,,
774805,31174,73741,,,
774807,31174,73732,,,
774808,31175,77133,,,
774809,31175,71174,,,
774810,31175,77128,,,
774811,31175,69831,,,
774812,31175,77190,,,
774814,31176,75357,,,
774815,31176,66326,,,
774816,31176,66323,,,
774817,31176,75313,,,
774819,31176,75310,,,
774821,31176,66379,,,
774822,31176,73892,,,
774823,31176,66881,,,
774824,31178,70527,,,
774825,31178,73726,,,
774826,31178,73725,,,
774828,31178,72313,,,
774829,31178,72311,,,
774830,31178,66547,,,
774831,31178,77172,,,
774832,31178,75507,,,
774833,31178,66545,,,
774835,31178,66415,,,
774836,31178,75749,,,
774837,31178,76393,,,
774838,31178,72297,,,
774839,31178,66280,,,
774840,31178,72163,,,
774842,31178,73189,,,
774844,31178,73187,,,
774845,31178,74848,,,
774846,31178,73184,,,
774847,31178,73952,,,
774849,31178,73181,,,
774850,31178,75738,,,
774851,31178,77910,,,
774852,31178,76370,,,
774853,31178,68303,,,
774854,31178,74829,,,
774856,31178,72905,,,
774857,31178,66631,,,
774858,31178,73157,,,
774859,31178,76229,,,
774860,31178,67523,,,
774861,31178,73792,,,
774863,31178,73791,,,
774864,31178,73662,,,
774865,31178,68669,,,
774866,31178,73145,,,
774868,31178,72631,,,
774870,31178,68531,,,
774871,31178,75443,,,
774872,31178,75311,,,
774873,31178,73262,,,
774874,31178,75307,,,
774875,31178,75306,,,
774877,31178,70947,,,
774878,31178,75170,,,
774879,31178,66326,,,
774880,31178,73236,,,
774881,31178,69268,,,
774882,31178,72335,,,
774884,31178,66446,,,
774885,31178,75661,,,
774886,31179,68093,,,
774887,31179,76791,,,
774888,31179,74865,,,
774889,31179,77295,,,
774891,31179,72549,,,
774893,31179,68064,,,
774894,31179,68062,,,
1363748,53651,88764,,,
774896,31179,76617,,,
774897,31179,71109,,,
774898,31179,69444,,,
774900,31179,76859,,,
774902,31179,66359,,,
774903,31179,66358,,,
774904,31179,69404,,,
774905,31179,75163,,,
774907,31179,69402,,,
774908,31179,67978,,,
774909,31179,67977,,,
774910,31179,67975,,,
774911,31179,67971,,,
774912,31179,67970,,,
774914,31180,73699,,,
774915,31180,72151,,,
774916,31180,72146,,,
774917,31180,71112,,,
774918,31180,71111,,,
774919,31180,74182,,,
774921,31180,75704,,,
774922,31180,72122,,,
774923,31180,76217,,,
774924,31180,76215,,,
774926,31180,72630,,,
774928,31180,69554,,,
774929,31180,76210,,,
774930,31180,66479,,,
774931,31180,77739,,,
774932,31180,76201,,,
774933,31180,68007,,,
774935,31180,73122,,,
774936,31180,72604,,,
774937,31180,76183,,,
774938,31180,74644,,,
774939,31180,76180,,,
774940,31180,72078,,,
774942,31180,72065,,,
774943,31180,71035,,,
774944,31180,75640,,,
774945,31180,66924,,,
774946,31180,72553,,,
774947,31180,72552,,,
774949,31180,70994,,,
774951,31180,73031,,,
774952,31180,73030,,,
774953,31180,75077,,,
774954,31180,75074,,,
774956,31180,75064,,,
774957,31180,71984,,,
774958,31180,66354,,,
774959,31180,71473,,,
774960,31180,71472,,,
774961,31180,71983,,,
774963,31180,66331,,,
774964,31180,66835,,,
774965,31180,66834,,,
774966,31180,66833,,,
774967,31180,66832,,,
774968,31180,68878,,,
774970,31180,69895,,,
774971,31180,77059,,,
774972,31180,72960,,,
774973,31180,76542,,,
774975,31180,72942,,,
774977,31180,73951,,,
774978,31180,66249,,,
774979,31180,72392,,,
774980,31180,71367,,,
774981,31180,73406,,,
774982,31180,72889,,,
774984,31180,72375,,,
774985,31180,74934,,,
774986,31180,66740,,,
774987,31180,71852,,,
774988,31180,66216,,,
774989,31180,72872,,,
774991,31180,73370,,,
774992,31180,76891,,,
774993,31180,75864,,,
774994,31180,77908,,,
774995,31180,77906,,,
774996,31180,77904,,,
774998,31180,67637,,,
775000,31180,66603,,,
775001,31180,68136,,,
1363755,53655,83547,,,
775003,31180,74271,,,
775004,31180,76320,,,
775005,31180,74783,,,
775007,31180,76310,,,
775009,31180,72198,,,
775010,31180,72707,,,
775011,31180,75266,,,
775012,31181,68858,,,
775014,31181,68725,,,
775015,31181,68719,,,
775016,31181,69870,,,
775017,31181,69736,,,
775018,31181,77928,,,
775019,31181,68707,,,
775021,31181,76762,,,
775022,31181,77656,,,
775023,31181,70100,,,
775024,31181,68943,,,
775025,31181,75846,,,
775026,31181,75967,,,
775028,31181,69042,,,
775029,31181,69041,,,
775030,31181,69040,,,
775031,31181,69038,,,
775033,31181,76967,,,
775035,31181,68865,,,
775036,31181,68864,,,
775037,31144,67965,,,
775038,31144,68724,,,
775039,31144,68723,,,
775040,31144,73436,,,
775042,31144,71628,,,
775043,31144,73287,,,
775044,31144,73286,,,
775045,31144,73658,,,
775046,31144,71982,,,
775047,31144,72617,,,
775049,31144,76702,,,
775050,31144,66972,,,
775051,31144,74905,,,
775052,31144,74904,,,
775053,31144,73108,,,
775054,31144,66952,,,
775056,31144,71690,,,
775058,31144,69512,,,
775059,31144,66951,,,
775060,31144,66946,,,
775061,31138,80994,,,
775063,31138,91523,,,
775064,31138,79954,,,
775065,31138,79960,,,
775066,31185,1591,,,
775067,31185,60549,,,
775068,31185,1386,,,
775070,31188,69119,,,
775071,31188,70653,,,
775072,31188,77307,,,
775073,31188,70137,,,
775074,31188,74738,,,
775075,31188,66545,,,
775077,31188,73199,,,
775078,31188,71142,,,
775079,31188,72662,,,
775080,31188,66512,,,
775082,31188,72650,,,
775084,31188,66501,,,
775085,31188,70085,,,
775086,31188,73157,,,
775087,31188,74691,,,
775088,31188,72642,,,
775089,31188,76732,,,
775091,31188,73148,,,
775092,31188,72635,,,
775093,31188,73143,,,
775094,31188,70576,,,
775095,31188,77227,,,
775096,31188,73638,,,
775098,31188,69537,,,
775099,31188,76189,,,
775100,31188,77215,,,
775101,31188,68510,,,
775102,31188,68509,,,
775103,31188,71580,,,
775105,31188,71575,,,
775107,31188,68496,,,
775108,31188,75151,,,
1363762,53655,84525,,,
775110,31188,66437,,,
775111,31188,67971,,,
775112,31188,68482,,,
775114,31188,72558,,,
775116,31188,68974,,,
775117,31188,72557,,,
775118,31188,72043,,,
775119,31188,72036,,,
775121,31188,68441,,,
775122,31188,69974,,,
775123,31188,77651,,,
775124,31188,72018,,,
775125,31188,72016,,,
775126,31188,72013,,,
775128,31188,68423,,,
775129,31188,66370,,,
775130,31188,76607,,,
775131,31188,76605,,,
775132,31188,75070,,,
775133,31188,67901,,,
775135,31188,76084,,,
775136,31188,66355,,,
775137,31188,66341,,,
775138,31188,76069,,,
775140,31188,72480,,,
775142,31188,75032,,,
775143,31188,71443,,,
775144,31188,69388,,,
775145,31188,72457,,,
775146,31188,75017,,,
775147,31188,74502,,,
775149,31188,76532,,,
775150,31188,78069,,,
775151,31188,78068,,,
775152,31188,66285,,,
775153,31188,75499,,,
775154,31188,68836,,,
775156,31188,76508,,,
775157,31188,77523,,,
775158,31188,77522,,,
775159,31188,77521,,,
775160,31188,75979,,,
775161,31188,69826,,,
775163,31188,70833,,,
775165,31188,76463,,,
775166,31188,76968,,,
775167,31188,69284,,,
775168,31188,68767,,,
775170,31188,77468,,,
775171,31188,74903,,,
775172,31188,73878,,,
775173,31188,66709,,,
775174,31188,75412,,,
775175,31188,74899,,,
775177,31188,67728,,,
775178,31188,72326,,,
775179,31188,76933,,,
775180,31188,72323,,,
775181,31188,69754,,,
775182,31188,67186,,,
775184,31188,77420,,,
775185,31188,73324,,,
775186,31188,73321,,,
775187,31188,72803,,,
775189,31188,72289,,,
775191,31188,76370,,,
775192,31188,77390,,,
775193,31188,77891,,,
775194,31188,73286,,,
775195,31188,70725,,,
775196,31188,71747,,,
775198,31188,75838,,,
775199,31188,71741,,,
775200,31188,68668,,,
775201,31188,73275,,,
775202,31188,69683,,,
775203,31188,74290,,,
775205,31188,66094,,,
775206,31188,74283,,,
775207,31188,68642,,,
775208,31188,72736,,,
775209,31188,68640,,,
775210,31188,73248,,,
775212,31188,73756,,,
775214,31188,70680,,,
775215,31188,67603,,,
1363769,53693,90760,,,
775217,31188,73742,,,
775218,31188,75788,,,
775219,31188,73740,,,
775221,31188,75271,,,
775223,31188,73223,,,
775224,31188,74246,,,
775225,31188,70661,,,
775226,31188,76802,,,
775228,31190,73725,,,
775229,31190,71673,,,
775230,31190,75749,,,
775231,31190,77797,,,
775232,31190,77796,,,
775233,31190,75745,,,
775235,31190,69601,,,
775236,31190,75744,,,
775237,31190,75740,,,
775238,31190,75739,,,
775239,31190,75738,,,
775240,31190,75737,,,
775242,31190,75732,,,
775243,31190,75728,,,
775244,31190,75727,,,
775245,31190,75725,,,
775247,31190,67528,,,
775249,31190,67523,,,
775250,31190,75713,,,
775251,31190,75712,,,
775252,31190,75711,,,
775253,31190,73662,,,
775254,31190,75709,,,
775256,31190,73654,,,
775257,31190,69551,,,
775258,31190,67497,,,
775259,31190,67496,,,
775260,31190,73638,,,
775261,31190,77733,,,
775263,31190,77722,,,
775264,31190,77718,,,
775265,31190,75661,,,
775266,31190,75660,,,
775267,31190,73609,,,
775268,31190,71559,,,
775270,31190,73603,,,
775272,31190,77691,,,
775273,31190,71547,,,
775274,31190,73590,,,
775275,31190,67443,,,
775277,31190,73581,,,
775278,31190,73580,,,
775279,31190,69483,,,
775280,31190,77671,,,
775281,31190,73571,,,
775282,31190,73570,,,
775284,31190,73567,,,
775285,31190,73566,,,
775286,31190,67419,,,
775287,31190,73558,,,
775288,31190,69461,,,
775289,31190,77651,,,
775291,31190,77619,,,
775292,31190,69415,,,
775293,31190,77587,,,
775294,31190,69378,,,
775296,31190,77564,,,
775298,31190,75505,,,
775299,31190,73458,,,
775300,31190,73457,,,
775301,31190,75488,,,
775302,31190,73436,,,
775303,31190,73435,,,
775305,31190,71365,,,
775306,31190,102084,,,
775307,31190,102082,,,
775308,31190,77504,,,
775309,31190,77497,,,
775310,31190,77496,,,
775312,31190,69288,,,
775313,31190,77479,,,
775314,31190,69284,,,
775315,31190,77470,,,
775316,31190,71327,,,
775317,31190,77468,,,
775319,31190,69276,,,
775321,31190,75412,,,
775322,31190,69268,,,
1363776,52883,862,,,
775324,31190,77452,,,
775325,31190,73347,,,
775326,31190,69249,,,
775328,31190,73332,,,
775330,31190,73328,,,
775331,31190,73324,,,
775332,31190,69226,,,
775333,31190,73306,,,
775335,31190,77390,,,
775336,31190,71239,,,
775337,31190,71238,,,
775338,31190,69194,,,
775339,31190,77386,,,
775340,31190,69193,,,
775342,31190,73287,,,
775343,31190,73286,,,
775344,31190,73283,,,
775345,31190,73282,,,
775346,31190,71232,,,
775347,31190,71228,,,
775349,31190,71226,,,
775350,31190,73273,,,
775351,31190,69169,,,
775352,31190,75311,,,
775354,31190,75308,,,
775356,31190,75306,,,
775357,31190,67113,,,
775358,31190,73256,,,
775359,31190,73255,,,
775360,31190,73254,,,
775361,31190,71204,,,
775363,31190,69153,,,
775364,31190,73248,,,
775365,31190,73247,,,
775366,31190,77342,,,
775367,31190,69147,,,
775368,31190,73243,,,
775370,31190,73239,,,
775371,31190,71188,,,
775372,31190,73237,,,
775373,31190,73236,,,
775374,31190,69136,,,
775375,31190,75271,,,
775377,31190,75274,,,
775379,31190,67080,,,
775380,31190,73223,,,
775381,31190,69125,,,
775382,31190,69119,,,
775384,31190,68721,,,
775385,31190,66669,,,
775386,31190,76907,,,
775387,31190,68714,,,
775388,31190,68711,,,
775389,31190,66663,,,
775391,31190,74848,,,
775392,31190,72793,,,
775393,31190,70739,,,
775394,31190,74831,,,
775395,31190,76879,,,
775396,31190,74829,,,
775398,31190,74826,,,
775399,31190,66631,,,
775400,31190,74823,,,
775401,31190,68677,,,
775403,31190,70720,,,
775405,31190,70717,,,
775406,31190,68668,,,
775407,31190,68665,,,
775408,31190,68661,,,
775409,31190,74804,,,
775410,31190,76849,,,
775412,31190,66601,,,
775413,31190,72742,,,
775414,31190,72736,,,
775415,31190,74783,,,
775416,31190,68635,,,
775417,31190,72726,,,
775419,31190,70664,,,
775420,31190,74752,,,
775421,31190,68604,,,
775422,31190,66548,,,
775423,31190,66547,,,
775424,31190,66545,,,
775426,31190,68586,,,
775428,31190,74719,,,
775429,31190,68572,,,
1363783,52883,22851,,,
775431,31190,66519,,,
775432,31190,72662,,,
775433,31190,66512,,,
775435,31190,76738,,,
775437,31190,72631,,,
775438,31190,68537,,,
775439,31190,70584,,,
775440,31190,76726,,,
775442,31190,68531,,,
775443,31190,66480,,,
775444,31190,70576,,,
775445,31190,76713,,,
775446,31190,68510,,,
775447,31190,76702,,,
775449,31190,66460,,,
775450,31190,70554,,,
775451,31190,76694,,,
775452,31190,72597,,,
775453,31190,70547,,,
775454,31190,66446,,,
775456,31190,68485,,,
775457,31190,76673,,,
775458,31190,68482,,,
775459,31190,68481,,,
775461,31190,66415,,,
775463,31190,76648,,,
775464,31190,70496,,,
775465,31190,70495,,,
775466,31190,70494,,,
775467,31190,68445,,,
775468,31190,76630,,,
775470,31190,72526,,,
775471,31190,68423,,,
775472,31190,76609,,,
775473,31190,66367,,,
775474,31190,66361,,,
775475,31190,66355,,,
775477,31190,76595,,,
775478,31190,76577,,,
775479,31190,72475,,,
775480,31190,76566,,,
775481,31190,66326,,,
775482,31190,66324,,,
775484,31190,76554,,,
775486,31190,76531,,,
775487,31190,76529,,,
775488,31190,66282,,,
775489,31190,66271,,,
775491,31190,76506,,,
775492,31190,68312,,,
775493,31190,70359,,,
775494,31190,76497,,,
775495,31190,68304,,,
775496,31190,68303,,,
775498,31190,72383,,,
775499,31190,70325,,,
775500,31190,70328,,,
775501,31190,72375,,,
775502,31190,76470,,,
775503,31190,66229,,,
775505,31190,74406,,,
775506,31190,66201,,,
775507,31190,72340,,,
775508,31190,76435,,,
775510,31190,72335,,,
775512,31190,72326,,,
775513,31190,76410,,,
775514,31190,72313,,,
775515,31190,72311,,,
775516,31190,72310,,,
775517,31190,68206,,,
775519,31190,76399,,,
775520,31190,74350,,,
775521,31190,76394,,,
775522,31190,76393,,,
775523,31190,76385,,,
775524,31190,72289,,,
775526,31190,72281,,,
775527,31190,70233,,,
775528,31190,70227,,,
775529,31190,76370,,,
775530,31190,66114,,,
775531,31190,76347,,,
775533,31190,76336,,,
775535,31190,66071,,,
775536,31190,66070,,,
1363790,53675,49654,,,
775538,31190,76308,,,
775539,31190,70162,,,
775540,31190,76304,,,
775542,31190,66060,,,
775544,31190,72186,,,
775545,31190,68086,,,
775546,31190,66035,,,
775547,31190,72163,,,
775549,31190,76229,,,
775550,31190,74150,,,
775551,31190,76192,,,
775552,31190,76191,,,
775553,31190,70045,,,
775554,31190,74129,,,
775556,31190,67981,,,
775557,31190,67980,,,
775558,31190,67979,,,
775559,31190,76168,,,
775560,31190,74119,,,
775561,31190,76161,,,
775563,31190,74111,,,
775564,31190,76157,,,
775565,31190,67965,,,
775566,31190,76155,,,
775568,31190,69995,,,
775570,31190,74086,,,
775571,31190,74080,,,
775572,31190,76129,,,
775573,31190,72032,,,
775574,31190,69982,,,
775575,31190,76102,,,
775577,31190,67906,,,
775578,31190,67905,,,
775579,31190,76087,,,
775580,31190,75774,,,
775581,31190,76082,,,
775582,31190,76083,,,
775584,31190,76081,,,
775585,31190,76080,,,
775586,31190,76078,,,
775587,31190,76074,,,
775588,31190,78121,,,
775589,31190,76072,,,
775591,31190,76068,,,
775593,31190,76050,,,
775594,31190,76049,,,
775595,31190,76042,,,
775596,31190,76040,,,
775598,31190,78068,,,
775599,31190,78057,,,
775600,31190,78050,,,
775601,31190,67810,,,
775602,31190,73952,,,
775603,31190,73951,,,
775605,31190,75983,,,
775606,31190,78030,,,
775607,31190,78025,,,
775608,31190,67783,,,
775609,31190,67781,,,
775610,31190,69813,,,
775612,31190,71855,,,
775613,31190,77982,,,
775614,31190,75930,,,
775615,31190,77978,,,
775617,31190,75928,,,
775619,31190,73869,,,
775620,31190,71817,,,
775621,31190,77307,,,
775622,31190,73205,,,
775623,31190,69108,,,
775624,31190,71155,,,
775626,31190,71151,,,
775627,31190,77283,,,
775628,31190,73189,,,
775629,31190,73188,,,
775630,31190,73187,,,
775631,31190,75224,,,
775633,31190,73157,,,
775634,31190,77249,,,
775635,31190,73148,,,
775636,31190,73145,,,
775637,31190,73143,,,
775638,31190,75185,,,
775640,31190,75182,,,
775642,31190,77223,,,
775643,31190,77222,,,
1363797,53666,67572,,,
775645,31190,75171,,,
775646,31190,75170,,,
775647,31190,77215,,,
775649,31190,75160,,,
775651,31190,71042,,,
775652,31190,77177,,,
775653,31190,73077,,,
775654,31190,68975,,,
775656,31190,66909,,,
775657,31190,68956,,,
775658,31190,70985,,,
775659,31190,70962,,,
775660,31190,70961,,,
775661,31190,68910,,,
775663,31190,73001,,,
775664,31190,70947,,,
775665,31190,70945,,,
775666,31190,72994,,,
775667,31190,70944,,,
775668,31190,75040,,,
775670,31190,70938,,,
775671,31190,70934,,,
775672,31190,70935,,,
775673,31190,66837,,,
775675,31190,72981,,,
775677,31190,77073,,,
775678,31190,70927,,,
775679,31190,77070,,,
775680,31190,68875,,,
775681,31190,68874,,,
775682,31190,77060,,,
775684,31190,68868,,,
775685,31190,77050,,,
775686,31190,77047,,,
775687,31190,70905,,,
775688,31190,72952,,,
775689,31190,68855,,,
775691,31190,68833,,,
775692,31190,72926,,,
775693,31190,66770,,,
775694,31190,70864,,,
775695,31190,77006,,,
775696,31190,72905,,,
775698,31190,66745,,,
775700,31190,68780,,,
775701,31190,70811,,,
775702,31190,76952,,,
775703,31190,74903,,,
775705,31190,74898,,,
775706,31190,68753,,,
775707,31190,76927,,,
775708,31190,70781,,,
775709,31190,68731,,,
775710,31190,74872,,,
775712,31190,75912,,,
775713,31190,75910,,,
775714,31190,75909,,,
775715,31190,75908,,,
775716,31190,75903,,,
775717,31190,75899,,,
775719,31190,75893,,,
775720,31190,67698,,,
775721,31190,69744,,,
775722,31190,75888,,,
775724,31190,71786,,,
775726,31190,75876,,,
775727,31190,69731,,,
775728,31190,77910,,,
775729,31190,77906,,,
775730,31190,77904,,,
775731,31190,73801,,,
775733,31190,73792,,,
775734,31190,73791,,,
775735,31190,69700,,,
775736,31190,69699,,,
775737,31190,75841,,,
775738,31190,77889,,,
775740,31190,75839,,,
775741,31190,75837,,,
775742,31190,75821,,,
775743,31190,75815,,,
775744,31190,77853,,,
775745,31190,73756,,,
775747,31190,73751,,,
775749,31190,73740,,,
775750,31190,77833,,,
1363804,53666,77270,,,
775752,31190,73730,,,
775753,31190,73728,,,
775754,31232,90631,,,
775756,31197,1605,,,
775758,31197,1077,,,
775759,31197,1592,,,
775760,31197,58040,,,
775761,31192,73314,,,
775763,31192,74714,,,
775764,31192,74721,,,
775765,31192,77776,,,
775766,31193,74010,,,
775767,31193,72353,,,
775768,31210,22337,,,
775770,31210,20784,,,
775771,31210,20785,,,
775772,31210,31344,,,
775773,31210,48689,,,
775774,31210,26671,,,
775775,31210,20303,,,
775777,31210,11602,,,
775778,31210,16623,,,
775779,31210,16625,,,
775780,31210,16624,,,
775782,31210,16206,,,
775784,31210,20301,,,
775785,31210,26378,,,
775786,31210,20302,,,
775787,31210,31105,,,
775788,31210,19937,,,
775789,31194,66298,,,
775791,31194,72311,,,
775792,31194,75888,,,
775793,31194,73189,,,
775794,31194,73952,,,
775795,31194,77396,,,
775796,31194,75850,,,
775798,31194,76229,,,
775799,31194,73912,,,
775800,31194,73145,,,
775801,31194,73272,,,
775802,31194,66735,,,
775803,31194,76199,,,
775805,31194,77087,,,
775807,31194,77081,,,
775808,31194,69268,,,
775809,31194,68499,,,
775810,31194,72335,,,
775812,31194,77063,,,
775813,31194,77062,,,
775814,31194,77057,,,
775815,31195,68604,,,
775816,31195,77819,,,
775817,31195,71673,,,
775819,31195,66035,,,
775820,31195,66547,,,
775821,31195,66548,,,
775822,31195,75763,,,
775823,31195,77808,,,
775824,31195,77807,,,
775826,31195,73196,,,
775827,31195,77803,,,
775828,31195,77802,,,
775829,31195,77796,,,
775831,31195,67559,,,
775833,31195,77797,,,
775834,31195,76771,,,
775835,31195,75747,,,
775836,31195,75746,,,
775837,31195,75745,,,
775838,31195,74719,,,
775840,31195,68058,,,
775841,31195,73688,,,
775842,31195,69068,,,
775843,31195,69069,,,
775844,31195,75727,,,
775845,31195,75725,,,
775847,31195,72650,,,
775848,31195,69066,,,
775849,31195,75722,,,
775850,31195,67013,,,
775851,31195,69061,,,
775852,31195,76738,,,
775854,31195,68544,,,
775856,31195,75180,,,
775857,31195,71083,,,
1363811,53666,74666,,,
775859,31195,74150,,,
775860,31195,73638,,,
775861,31195,73637,,,
775863,31195,76190,,,
775865,31195,77719,,,
775866,31195,77718,,,
775867,31195,76694,,,
775868,31195,77711,,,
775870,31195,76173,,,
775871,31195,77196,,,
775872,31195,77192,,,
775873,31195,77699,,,
775874,31195,74111,,,
775875,31195,77177,,,
775877,31195,73077,,,
775878,31195,73589,,,
775879,31195,77820,,,
775880,31195,69483,,,
775881,31195,70506,,,
775882,31195,76136,,,
775884,31195,70498,,,
775885,31195,70499,,,
775886,31195,66914,,,
775887,31195,76129,,,
775889,31195,70495,,,
775891,31195,69468,,,
775892,31195,66380,,,
775893,31195,66379,,,
775894,31195,67912,,,
775895,31195,72007,,,
775896,31195,66881,,,
775898,31195,68923,,,
775899,31195,76089,,,
775900,31195,76081,,,
775901,31195,69425,,,
775902,31195,69426,,,
775903,31195,70961,,,
775905,31195,69419,,,
775906,31195,70437,,,
775907,31195,76571,,,
775908,31195,67866,,,
775909,31195,76052,,,
775910,31195,70935,,,
775912,31195,66323,,,
775914,31195,77587,,,
775915,31195,72466,,,
775916,31195,69393,,,
775917,31195,77583,,,
775919,31195,72457,,,
775920,31195,75017,,,
775921,31195,76040,,,
775922,31195,77564,,,
775923,31195,68859,,,
775924,31195,66296,,,
775926,31195,77045,,,
775927,31195,68849,,,
775928,31195,68848,,,
775929,31195,77039,,,
775930,31195,78061,,,
775931,31195,78060,,,
775933,31195,78057,,,
775934,31195,68840,,,
775935,31195,77539,,,
775936,31195,76003,,,
775938,31195,77536,,,
775940,31195,75999,,,
775941,31195,68312,,,
775942,31195,66261,,,
775943,31195,77523,,,
775944,31195,77522,,,
775945,31195,77006,,,
775947,31195,78029,,,
775948,31195,66252,,,
775949,31195,78025,,,
775950,31195,78021,,,
775951,31195,72384,,,
775952,31195,71357,,,
775954,31195,77504,,,
775955,31195,72383,,,
775956,31195,77502,,,
775957,31195,66237,,,
775958,31195,66236,,,
775959,31195,69813,,,
775961,31195,77996,,,
775963,31195,73892,,,
775964,31195,69284,,,
1363818,53666,67477,,,
775966,31195,76449,,,
775967,31195,77982,,,
775968,31195,76957,,,
775970,31195,70811,,,
775972,31195,76952,,,
775973,31195,76435,,,
775974,31195,77455,,,
775975,31195,72332,,,
775977,31195,71817,,,
775978,31195,75912,,,
775979,31195,75910,,,
775980,31195,75909,,,
775981,31195,75908,,,
775982,31195,70779,,,
775984,31195,72825,,,
775985,31195,72822,,,
775986,31195,72307,,,
775987,31195,77423,,,
775988,31195,74857,,,
775989,31195,77420,,,
775991,31195,77418,,,
775992,31195,69225,,,
775993,31195,76392,,,
775994,31195,69731,,,
775996,31195,76387,,,
775998,31195,72287,,,
775999,31195,75357,,,
776000,31195,70745,,,
776001,31195,72281,,,
776002,31195,70742,,,
776003,31195,77906,,,
776005,31195,77904,,,
776006,31195,71241,,,
776007,31195,75847,,,
776008,31195,73801,,,
776009,31195,69703,,,
776010,31195,71239,,,
776012,31195,77889,,,
776013,31195,75841,,,
776014,31195,75840,,,
776015,31195,77375,,,
776016,31195,74810,,,
776017,31195,73275,,,
776019,31195,74804,,,
776021,31195,75310,,,
776022,31195,66094,,,
776023,31195,75306,,,
776024,31195,69158,,,
776026,31195,76318,,,
776027,31195,69147,,,
776028,31195,70171,,,
776029,31195,70170,,,
776030,31195,71188,,,
776031,31195,76308,,,
776033,31195,70670,,,
776034,31195,70669,,,
776035,31195,77324,,,
776036,31195,77835,,,
776037,31195,77834,,,
776038,31195,77833,,,
776040,31195,70663,,,
776041,31195,71174,,,
776042,31195,69125,,,
776043,31195,72196,,,
776045,31207,57370,,,
776047,31198,101356,,,
776048,31198,68071,,,
776049,31198,67043,,,
776050,31198,82403,,,
776051,31198,66518,,,
776052,31198,90579,,,
776054,31198,72650,,,
776055,31198,81854,,,
776056,31198,81852,,,
776057,31198,57265,,,
776058,31198,5042,,,
776059,31198,1969,,,
776061,31198,73130,,,
776062,31198,73131,,,
776063,31198,74153,,,
776064,31198,73129,,,
776065,31198,74152,,,
776066,31198,1446,,,
776068,31198,68503,,,
776070,31198,92053,,,
776071,31198,1410,,,
1363823,53666,67469,,,
776073,31198,15232,,,
776074,31198,67967,,,
776075,31198,70520,,,
776077,31198,78170,,,
776079,31198,73559,,,
776080,31198,2370,,,
776081,31198,76608,,,
776082,31198,66865,,,
776084,31198,67884,,,
776085,31198,67883,,,
776086,31198,2340,,,
776087,31198,83734,,,
776088,31198,30440,,,
776089,31198,90344,,,
776091,31198,62160,,,
776092,31198,74960,,,
776093,31198,67275,,,
776094,31198,82108,,,
776095,31198,30906,,,
776096,31198,72866,,,
776098,31198,72867,,,
776099,31198,74402,,,
776100,31198,85664,,,
776101,31198,87706,,,
776103,31198,27289,,,
776105,31198,75413,,,
776106,31198,83077,,,
776107,31198,61563,,,
776108,31198,77434,,,
776109,31198,73338,,,
776110,31198,27764,,,
776112,31198,77908,,,
776113,31198,77906,,,
776114,31198,77904,,,
776115,31198,71759,,,
776116,31198,71756,,,
776117,31198,85581,,,
776119,31198,80970,,,
776120,31198,90679,,,
776121,31198,90676,,,
776122,31198,87089,,,
776123,31198,35366,,,
776124,31198,92194,,,
776126,31198,1566,,,
776128,31198,72218,,,
776129,31198,77333,,,
776130,31198,73747,,,
776131,31198,73746,,,
776133,31198,29712,,,
776134,31198,73736,,,
776135,31198,73735,,,
776136,31199,97631,,,
776137,31199,97086,,,
776138,31199,97851,,,
776140,31199,98874,,,
776141,31199,97849,,,
776142,31199,96728,,,
776143,31199,96726,,,
776144,31199,97850,,,
776145,31199,97262,,,
776147,31199,97258,,,
776148,31199,97257,,,
776149,31199,97256,,,
776150,31199,97255,,,
776152,31199,97630,,,
776154,31200,96726,,,
776155,31200,96182,,,
776156,31200,96659,,,
776157,31200,96658,,,
776158,31200,96657,,,
776159,31200,96656,,,
776161,31201,71659,,,
776162,31201,77800,,,
776163,31201,76771,,,
776164,31201,66515,,,
776165,31201,66514,,,
776166,31201,77259,,,
776168,31201,77246,,,
776169,31201,77243,,,
776170,31201,76214,,,
776171,31201,74666,,,
776172,31201,76201,,,
776173,31201,73128,,,
776175,31201,76198,,,
776177,31201,73122,,,
776178,31201,77209,,,
1363827,53666,74627,,,
776180,31201,67477,,,
776181,31201,77717,,,
776182,31201,76180,,,
776184,31201,75150,,,
776186,31201,68491,,,
776187,31201,76650,,,
776188,31201,68453,,,
776189,31201,77667,,,
776191,31201,72538,,,
776192,31201,72008,,,
776193,31201,72007,,,
776194,31201,67910,,,
776195,31201,69949,,,
776196,31201,77111,,,
776198,31201,66871,,,
776199,31201,69942,,,
776200,31201,71473,,,
776201,31201,71472,,,
776202,31201,76078,,,
776203,31201,66835,,,
776205,31201,66833,,,
776206,31201,66832,,,
776207,31201,66830,,,
776208,31201,76536,,,
776210,31201,78058,,,
776212,31201,72907,,,
776213,31201,66249,,,
776214,31201,69318,,,
776215,31201,69316,,,
776216,31201,74948,,,
776217,31201,74940,,,
776219,31201,77482,,,
776220,31201,73858,,,
776221,31201,67709,,,
776222,31201,71291,,,
776223,31201,71290,,,
776224,31201,71289,,,
776226,31201,66150,,,
776227,31201,66651,,,
776228,31201,77400,,,
776229,31201,74319,,,
776230,31201,71751,,,
776231,31201,71749,,,
776233,31201,76858,,,
776235,31201,68136,,,
776236,31201,69155,,,
776237,31201,70692,,,
776238,31201,67107,,,
776240,31201,67105,,,
776241,31201,75295,,,
776242,31201,71197,,,
776243,31201,67608,,,
776244,31201,76312,,,
776245,31201,76311,,,
776247,31201,67600,,,
776248,31201,67599,,,
776249,31201,76811,,,
776250,31201,74762,,,
776251,31201,74752,,,
776252,31203,69119,,,
776254,31203,69754,,,
776255,31203,72313,,,
776256,31203,72311,,,
776257,31203,78069,,,
776259,31203,73328,,,
776261,31203,66545,,,
776262,31203,75888,,,
776263,31203,68975,,,
776264,31203,68974,,,
776265,31203,69226,,,
776266,31203,73189,,,
776268,31203,77691,,,
776269,31203,78050,,,
776270,31203,72289,,,
776271,31203,73952,,,
776272,31203,76508,,,
776273,31203,77651,,,
776275,31203,66512,,,
776276,31203,77390,,,
776277,31203,76229,,,
776278,31203,68423,,,
776279,31203,73286,,,
776280,31203,73157,,,
776282,31203,73283,,,
776284,31203,66361,,,
776285,31203,73145,,,
1363834,53666,77667,,,
776287,31203,66355,,,
776288,31203,78001,,,
776289,31203,73247,,,
776291,31203,76069,,,
776293,31203,73248,,,
776294,31203,75170,,,
776295,31203,69537,,,
776296,31203,77470,,,
776298,31203,68510,,,
776299,31203,68509,,,
776300,31203,77468,,,
776301,31203,74008,,,
776302,31203,75160,,,
776303,31203,74903,,,
776305,31203,75412,,,
776306,31203,69268,,,
776307,31203,74899,,,
776308,31203,74898,,,
776309,31203,66063,,,
776310,31203,72335,,,
776312,31203,73742,,,
776313,31203,73740,,,
776314,31203,77707,,,
776315,31203,77705,,,
776317,31203,68482,,,
776319,31205,94557,,,
776320,31205,78556,,,
776321,31205,78555,,,
776322,31205,89881,,,
776323,31205,79096,,,
776324,31205,79095,,,
776326,31205,93362,,,
776327,31205,83089,,,
776328,31205,79634,,,
776329,31205,79633,,,
776330,31205,80427,,,
776331,31205,86507,,,
776333,31205,87849,,,
776334,31205,89512,,,
776335,31205,79713,,,
776336,31205,78657,,,
776337,31225,83964,,,
776338,31225,83963,,,
776340,31225,80887,,,
776342,31225,83952,,,
776343,31225,83954,,,
776344,31225,83953,,,
776345,31225,80880,,,
776347,31225,83950,,,
776348,31225,83949,,,
776349,31225,83948,,,
776350,31225,83947,,,
776351,31225,83946,,,
776352,31225,78289,,,
776354,31225,78271,,,
776355,31225,85924,,,
776356,31225,89465,,,
776357,31225,89464,,,
776358,31225,92007,,,
776359,31225,86859,,,
776361,31225,86851,,,
776362,31225,82748,,,
776363,31225,82745,,,
776364,31225,81180,,,
776366,31225,81178,,,
776368,31225,80659,,,
776369,31225,80658,,,
776370,31225,80657,,,
776371,31225,80656,,,
776372,31225,80655,,,
776373,31225,85766,,,
776375,31225,85764,,,
776376,31225,85761,,,
776377,31225,80635,,,
776378,31225,80634,,,
776379,31225,80633,,,
776380,31225,80632,,,
776382,31225,80630,,,
776383,31225,80629,,,
776384,31225,80628,,,
776385,31225,80612,,,
776386,31225,80611,,,
776387,31225,80609,,,
776389,31225,87713,,,
776391,31225,87711,,,
776392,31225,87710,,,
1363841,53666,67910,,,
776394,31225,87708,,,
776395,31225,87707,,,
776396,31225,87706,,,
776398,31225,87704,,,
776400,31225,87702,,,
776401,31225,87701,,,
776402,31225,87700,,,
776403,31225,87699,,,
776405,31225,81552,,,
776406,31225,86135,,,
776407,31225,90228,,,
776408,31225,90227,,,
776409,31225,83555,,,
776410,31225,83554,,,
776412,31225,83552,,,
776413,31225,83551,,,
776414,31225,83550,,,
776415,31225,83549,,,
776416,31225,83548,,,
776417,31225,83547,,,
776419,31225,83545,,,
776420,31225,83544,,,
776421,31225,83542,,,
776422,31225,83541,,,
776424,31225,90188,,,
776426,31225,85042,,,
776427,31225,83489,,,
776428,31225,78879,,,
776429,31225,84481,,,
776430,31216,3839,,,
776431,31216,1566,,,
776433,31216,41496,,,
776434,31216,1846,,,
776435,31216,41269,,,
776436,31216,56447,,,
776437,31216,3827,,,
776438,31216,1562,,,
776440,31216,30415,,,
776441,31216,8334,,,
776442,31216,1446,,,
776443,31206,76154,,,
776444,31206,70998,,,
776445,31206,76150,,,
776447,31206,76944,,,
776449,31206,70756,,,
776450,31206,70372,,,
776451,31212,780,,,
776452,31212,3839,,,
776454,31212,39548,,,
776455,31212,35963,,,
776456,31212,116,,,
776457,31212,3827,,,
776458,31212,623,,,
776459,31212,29550,,,
776461,31212,61563,,,
776462,31212,20221,,,
776463,31212,30440,,,
776464,31212,4198,,,
776465,31212,2789,,,
776466,31212,14306,,,
776468,31212,101726,,,
776469,31212,3804,,,
776470,31212,37977,,,
776471,31212,37976,,,
776473,31212,47447,,,
776475,31212,62160,,,
776476,31212,39378,,,
776477,31212,58577,,,
776478,31212,2768,,,
776479,31212,30415,,,
776480,31212,37965,,,
776482,31212,39749,,,
776483,31212,195,,,
776484,31212,2370,,,
776485,31212,41281,,,
776486,31212,1592,,,
776487,31212,58175,,,
776489,31212,1597,,,
776490,31212,1596,,,
776491,31212,1466,,,
776492,31212,30906,,,
776493,31212,185,,,
776494,31212,58040,,,
776496,31212,1077,,,
776498,31212,5042,,,
776499,31212,57265,,,
1363848,53666,75570,,,
776501,31212,47406,,,
776502,31212,1446,,,
776503,31212,1450,,,
776505,31212,1448,,,
776507,31212,39590,,,
776508,31212,14501,,,
776509,31212,2340,,,
776510,31212,1315,,,
776512,31212,101918,,,
776513,31212,1562,,,
776514,31212,154,,,
776515,31212,27289,,,
776516,31212,23960,,,
776517,31212,29712,,,
776519,31212,21127,,,
776520,31212,41862,,,
776521,31212,1410,,,
776522,31212,15233,,,
776523,31212,15232,,,
776524,31208,72313,,,
776526,31208,75376,,,
776527,31208,75888,,,
776528,31208,77418,,,
776529,31208,72679,,,
776531,31208,73189,,,
776533,31208,67547,,,
776534,31208,72406,,,
776535,31208,66131,,,
776536,31208,66128,,,
776537,31208,67914,,,
776538,31208,76229,,,
776540,31208,78013,,,
776541,31208,68027,,,
776542,31208,73145,,,
776543,31208,77996,,,
776544,31208,75170,,,
776545,31208,69268,,,
776547,31208,66575,,,
776548,31208,72716,,,
776549,31208,72715,,,
776550,31208,74250,,,
776551,31208,72707,,,
776552,31208,72706,,,
776554,31209,68403,,,
776556,31222,26739,,,
776557,31222,39661,,,
776558,31222,29539,,,
776559,31222,39236,,,
776561,31222,60223,,,
776562,31222,39484,,,
776563,31222,44987,,,
776564,31222,44986,,,
776565,31222,39092,,,
776566,31222,1586,,,
776568,31222,33834,,,
776569,31222,39588,,,
776570,31222,29846,,,
776571,31222,60305,,,
776572,31222,60304,,,
776573,31222,101519,,,
776575,31222,779,,,
776576,31222,2435,,,
776577,31222,39554,,,
776578,77082,90583,,,
776580,31238,5085,,,
776582,31238,60849,,,
776583,31238,65902,,,
776584,31238,60332,,,
776585,31238,60359,,,
776586,31252,25471,,,
776587,31252,62077,,,
776589,31252,62328,,,
776590,31252,17111,,,
776591,31252,41526,,,
776592,31252,41583,,,
776593,31252,60160,,,
776594,31218,102079,,,
776596,31218,75389,,,
776597,31218,72734,,,
776598,31218,76061,,,
776599,31218,72375,,,
776600,31218,76981,,,
776601,31218,73269,,,
776603,31218,74207,,,
776605,31218,72619,,,
776606,31218,73002,,,
1363855,53666,75537,,,
776608,31218,72677,,,
776609,31218,73893,,,
776610,31218,70659,,,
776612,31218,71905,,,
776614,31219,75263,,,
776615,31219,67578,,,
776616,31219,70515,,,
776617,31219,74989,,,
776619,31219,75754,,,
776620,31219,76521,,,
776621,31219,75366,,,
776622,31219,71139,,,
776623,31219,68066,,,
776624,31219,68064,,,
776626,31219,76889,,,
776627,31219,70229,,,
776628,31219,75093,,,
776629,31219,74965,,,
776630,31219,75349,,,
776631,31219,74964,,,
776633,31219,73809,,,
776634,31219,67145,,,
776635,31219,69447,,,
776636,31219,75845,,,
776638,31219,75064,,,
776640,31219,77501,,,
776641,31219,66877,,,
776642,31219,77500,,,
776643,31219,68919,,,
776644,31219,71866,,,
776645,31219,66359,,,
776647,31219,67895,,,
776648,31219,66358,,,
776649,31219,69429,,,
776650,31219,70838,,,
776651,31219,76979,,,
776652,31219,76978,,,
776654,31219,72496,,,
776655,31219,76973,,,
776656,31219,72998,,,
776657,31219,76835,,,
776658,31219,77337,,,
776659,31219,69392,,,
776661,31219,69390,,,
776663,31219,75788,,,
776664,31219,69387,,,
776665,31219,78131,,,
776666,31219,68872,,,
776668,31219,76932,,,
776669,31219,70145,,,
776670,31219,76801,,,
776671,31219,74368,,,
776672,31220,75774,,,
776673,31220,67578,,,
776675,31220,75749,,,
776676,31220,77797,,,
776677,31220,77796,,,
776678,31220,75746,,,
776679,31220,69601,,,
776680,31220,77795,,,
776682,31220,75747,,,
776683,31220,77793,,,
776684,31220,75745,,,
776685,31220,75744,,,
776687,31220,75740,,,
776689,31220,75737,,,
776690,31220,73688,,,
776691,31220,67542,,,
776692,31220,75733,,,
776693,31220,75729,,,
776694,31220,67535,,,
776696,31220,75727,,,
776697,31220,75725,,,
776698,31220,77772,,,
776699,31220,75722,,,
776700,31220,67523,,,
776701,31220,75713,,,
776703,31220,69564,,,
776704,31220,73654,,,
776705,31220,77740,,,
776706,31220,67499,,,
776707,31220,77736,,,
776708,31220,77735,,,
776710,31220,73638,,,
776712,31220,69537,,,
776713,31220,75678,,,
1363862,53666,78058,,,
776715,31220,77719,,,
776716,31220,77718,,,
776717,31220,71570,,,
776719,31220,71566,,,
776721,31220,75660,,,
776722,31220,71563,,,
776723,31220,77705,,,
776724,31220,77701,,,
776726,31220,69508,,,
776727,31220,77699,,,
776728,31220,69061,,,
776729,31220,67013,,,
776730,31220,77254,,,
776731,31220,71109,,,
776733,31220,71103,,,
776734,31220,77247,,,
776735,31220,73148,,,
776736,31220,73145,,,
776737,31220,73143,,,
776738,31220,69042,,,
776740,31220,71077,,,
776741,31220,69028,,,
776742,31220,77218,,,
776743,31220,75170,,,
776745,31220,69022,,,
776747,31220,69007,,,
776748,31220,77197,,,
776749,31220,77196,,,
776750,31220,69003,,,
776751,31220,77194,,,
776752,31220,77192,,,
776754,31220,66942,,,
776755,31220,73077,,,
776756,31220,68975,,,
776757,31220,68974,,,
776758,31220,75104,,,
776759,31220,68956,,,
776761,31220,75093,,,
776762,31220,68943,,,
776763,31220,68939,,,
776764,31220,77120,,,
776765,31220,70975,,,
776766,31220,68923,,,
776768,31220,66874,,,
776770,31220,70966,,,
776771,31220,70964,,,
776772,31220,70961,,,
776773,31220,68910,,,
776775,31220,70947,,,
776776,31220,68895,,,
776777,31220,68893,,,
776778,31220,70935,,,
776779,31220,70934,,,
776780,31220,70932,,,
776782,31220,68877,,,
776783,31220,72972,,,
776784,31220,68874,,,
776785,31220,68867,,,
776786,31220,70913,,,
776787,31220,68855,,,
776789,31220,68849,,,
776790,31220,77039,,,
776791,31220,68843,,,
776792,31220,77032,,,
776794,31220,74965,,,
776796,31220,74962,,,
776797,31220,77006,,,
776798,31220,72909,,,
776799,31220,72905,,,
776800,31220,77001,,,
776801,31220,68808,,,
776803,31220,66753,,,
776804,31220,68801,,,
776805,31220,70838,,,
776806,31220,66738,,,
776807,31220,76979,,,
776808,31220,76978,,,
776810,31220,76972,,,
776811,31220,76969,,,
776812,31220,70818,,,
776813,31220,70811,,,
776814,31220,70809,,,
776815,31220,76952,,,
776817,31220,74899,,,
776819,31220,68751,,,
776820,31220,70796,,,
1363869,53666,74451,,,
776822,31220,76927,,,
776823,31220,68731,,,
776824,31220,70779,,,
776826,31220,74857,,,
776828,31220,70755,,,
776829,31220,74848,,,
776830,31220,72800,,,
776831,31220,72798,,,
776833,31220,76889,,,
776834,31220,68692,,,
776835,31220,68691,,,
776836,31220,72786,,,
776837,31220,68689,,,
776838,31220,76879,,,
776840,31220,74828,,,
776841,31220,68680,,,
776842,31220,66631,,,
776843,31220,68677,,,
776844,31220,74815,,,
776845,31220,68669,,,
776847,31220,74810,,,
776848,31220,68659,,,
776849,31220,74804,,,
776850,31220,74803,,,
776852,31220,66607,,,
776854,31220,76835,,,
776855,31220,72726,,,
776856,31220,72719,,,
776857,31220,66575,,,
776858,31220,70670,,,
776859,31220,70669,,,
776861,31220,70663,,,
776862,31220,76801,,,
776863,31220,68607,,,
776864,31220,68605,,,
776865,31220,68604,,,
776866,31220,76791,,,
776868,31220,66547,,,
776869,31220,66545,,,
776870,31220,68592,,,
776871,31220,76779,,,
776872,31220,68587,,,
776873,31220,68586,,,
776875,31220,68583,,,
776877,31220,68575,,,
776878,31220,68576,,,
776879,31220,74719,,,
776880,31220,68574,,,
776882,31220,70620,,,
776883,31220,68568,,,
776884,31220,68563,,,
776885,31220,66512,,,
776886,31220,76748,,,
776887,31220,72651,,,
776889,31220,76738,,,
776890,31220,76734,,,
776891,31220,70584,,,
776892,31220,72631,,,
776893,31220,68531,,,
776894,31220,76723,,,
776896,31220,70569,,,
776897,31220,76711,,,
776898,31220,68510,,,
776899,31220,68509,,,
776901,31220,76694,,,
776903,31220,70540,,,
776904,31220,70544,,,
776905,31220,70543,,,
776906,31220,76687,,,
776907,31220,66446,,,
776908,31220,76685,,,
776910,31220,72584,,,
776911,31220,68485,,,
776912,31220,68482,,,
776913,31220,66433,,,
776914,31220,70527,,,
776915,31220,76670,,,
776917,31220,66415,,,
776918,31220,66410,,,
776919,31220,72518,,,
776920,31220,66361,,,
776921,31220,66359,,,
776922,31220,66355,,,
776924,31220,76584,,,
776926,31220,70434,,,
776927,31220,66326,,,
1363876,53666,69315,,,
776929,31220,66324,,,
776930,31220,72466,,,
776931,31220,76562,,,
776933,31220,74503,,,
776935,31220,76541,,,
776936,31220,68348,,,
776937,31220,70394,,,
776938,31220,66295,,,
776940,31220,76530,,,
776941,31220,66282,,,
776942,31220,66271,,,
776943,31220,76508,,,
776944,31220,76507,,,
776945,31220,68312,,,
776947,31220,74454,,,
776948,31220,68304,,,
776949,31220,76497,,,
776950,31220,76496,,,
776951,31220,68303,,,
776952,31220,66252,,,
776954,31220,72385,,,
776955,31220,72384,,,
776956,31220,76474,,,
776957,31220,76473,,,
776959,31220,76470,,,
776961,31220,76440,,,
776962,31220,70288,,,
776963,31220,76435,,,
776964,31220,70290,,,
776965,31220,70287,,,
776966,31220,72335,,,
776968,31220,76425,,,
776969,31220,76422,,,
776970,31220,72314,,,
776971,31220,72313,,,
776972,31220,76409,,,
776973,31220,72311,,,
776975,31220,76393,,,
776976,31220,76392,,,
776977,31220,72289,,,
776978,31220,72281,,,
776979,31220,70229,,,
776980,31220,70227,,,
776982,31220,72264,,,
776984,31220,68160,,,
776985,31220,70197,,,
776986,31220,68135,,,
776987,31220,68133,,,
776989,31220,76319,,,
776990,31220,76318,,,
776991,31220,66063,,,
776992,31220,72196,,,
776993,31220,68093,,,
776994,31220,66035,,,
776996,31220,68062,,,
776997,31220,76253,,,
776998,31220,74188,,,
776999,31220,76229,,,
777000,31220,74172,,,
777001,31220,74150,,,
777003,31220,74140,,,
777004,31220,67990,,,
777005,31220,67986,,,
777006,31220,70029,,,
777008,31220,67970,,,
777010,31220,74106,,,
777011,31220,70009,,,
777012,31220,74102,,,
777013,31220,76143,,,
777014,31220,76136,,,
777015,31220,74088,,,
777017,31220,76129,,,
777018,31220,76128,,,
777019,31220,74077,,,
777020,31220,76115,,,
777021,31220,74066,,,
777022,31220,67910,,,
777024,31220,76093,,,
777025,31220,74041,,,
777026,31220,78131,,,
777027,31220,69937,,,
777028,31220,78121,,,
777029,31220,76069,,,
777031,31220,76052,,,
777033,31220,67852,,,
777034,31220,76042,,,
1363883,53666,68788,,,
777036,31220,69892,,,
777037,31220,76029,,,
777038,31220,73979,,,
777040,31220,78069,,,
777042,31220,78061,,,
777043,31220,78060,,,
777044,31220,78057,,,
777045,31220,78050,,,
777047,31220,76004,,,
777048,31220,78051,,,
777049,31220,67810,,,
777050,31220,73952,,,
777051,31220,71902,,,
777052,31220,75996,,,
777054,31220,75983,,,
777055,31220,78030,,,
777056,31220,78029,,,
777057,31220,75980,,,
777058,31220,78025,,,
777059,31220,78008,,,
777061,31220,75953,,,
777062,31220,67759,,,
777063,31220,77691,,,
777064,31220,73589,,,
777066,31220,69483,,,
777068,31220,77651,,,
777069,31220,75602,,,
777070,31220,73553,,,
777071,31220,73552,,,
777072,31220,69453,,,
777073,31220,69450,,,
777075,31220,69447,,,
777076,31220,69444,,,
777077,31220,69443,,,
777078,31220,77632,,,
777079,31220,77619,,,
777080,31220,69426,,,
777082,31220,77607,,,
777083,31220,75556,,,
777084,31220,73505,,,
777085,31220,69404,,,
777086,31220,69402,,,
777087,31220,77593,,,
777089,31220,77588,,,
777091,31220,69393,,,
777092,31220,69388,,,
777093,31220,69387,,,
777094,31220,67333,,,
777096,31220,75518,,,
777097,31220,77564,,,
777098,31220,69367,,,
777099,31220,69365,,,
777100,31220,77536,,,
777101,31220,75488,,,
777103,31220,69340,,,
777104,31220,69341,,,
777105,31220,77532,,,
777106,31220,77531,,,
777107,31220,77530,,,
777108,31220,77517,,,
777110,31220,77502,,,
777111,31220,71357,,,
777112,31220,77500,,,
777113,31220,77496,,,
777115,31220,69287,,,
777117,31220,77470,,,
777118,31220,77468,,,
777119,31220,75412,,,
777120,31220,69268,,,
777121,31220,77455,,,
777122,31220,77454,,,
777124,31220,75398,,,
777125,31220,69236,,,
777126,31220,67186,,,
777127,31220,73328,,,
777128,31220,69227,,,
777129,31220,69226,,,
777131,31220,75366,,,
777132,31220,69221,,,
777133,31220,71267,,,
777134,31220,71264,,,
777135,31220,69213,,,
777136,31220,69212,,,
777138,31220,77397,,,
777140,31220,69197,,,
777141,31220,69196,,,
1363890,53666,72873,,,
777143,31220,71239,,,
777144,31220,71238,,,
777145,31220,73286,,,
777147,31220,71232,,,
777149,31220,69180,,,
777150,31220,71226,,,
777151,31220,71217,,,
777152,31220,75314,,,
777154,31220,75311,,,
777155,31220,75309,,,
777156,31220,75307,,,
777157,31220,75306,,,
777158,31220,67114,,,
777159,31220,69158,,,
777161,31220,73248,,,
777162,31220,73247,,,
777163,31220,77342,,,
777164,31220,69147,,,
777165,31220,77337,,,
777166,31220,73236,,,
777168,31220,77332,,,
777169,31220,69136,,,
777170,31220,77324,,,
777171,31220,71180,,,
777173,31220,73223,,,
777175,31220,75263,,,
777176,31220,69119,,,
777177,31220,77307,,,
777178,31220,71151,,,
777179,31220,77295,,,
777180,31220,71145,,,
777182,31220,67043,,,
777183,31220,71139,,,
777184,31220,71129,,,
777185,31220,67029,,,
777186,31220,71126,,,
777187,31220,71125,,,
777189,31220,75217,,,
777190,31220,69066,,,
777191,31220,73157,,,
777192,31220,70499,,,
777193,31220,70498,,,
777194,31220,72529,,,
777196,31220,74571,,,
777198,31220,72521,,,
777199,31220,68423,,,
777200,31220,77982,,,
777201,31220,73881,,,
777203,31220,77970,,,
777204,31220,77964,,,
777205,31220,71817,,,
777206,31220,69754,,,
777207,31220,69747,,,
777208,31220,75888,,,
777210,31220,75883,,,
777211,31220,69738,,,
777212,31220,75880,,,
777213,31220,75878,,,
777214,31220,77924,,,
777215,31220,69731,,,
777217,31220,77908,,,
777218,31220,77906,,,
777219,31220,75858,,,
777220,31220,77904,,,
777222,31220,73792,,,
777224,31220,71749,,,
777225,31220,75840,,,
777226,31220,77889,,,
777227,31220,69698,,,
777228,31220,69697,,,
777229,31220,69696,,,
777231,31220,67582,,,
777232,31220,75824,,,
777233,31220,71727,,,
777234,31220,67613,,,
777235,31220,77844,,,
777236,31220,75794,,,
777238,31220,73740,,,
777239,31220,75788,,,
777240,31220,77833,,,
777241,31220,67584,,,
777242,31263,25518,,,
777243,31214,44965,,,
777245,31214,27764,,,
777247,31223,33658,,,
777248,31223,24804,,,
1363897,53666,71298,,,
777250,31223,34524,,,
777251,31223,19545,,,
777252,31223,24783,,,
777254,31223,31434,,,
777256,31223,39617,,,
777257,31223,39218,,,
777258,31223,60332,,,
777259,31223,22689,,,
777261,31223,24,,,
777262,31223,31512,,,
777263,31223,65421,,,
777264,31223,37389,,,
777265,31223,65420,,,
777266,31223,4614,,,
777268,31223,39040,,,
777269,31242,85977,,,
777270,31227,73072,,,
777271,31227,71766,,,
777272,31227,72402,,,
777273,31227,72399,,,
777275,31227,75080,,,
777276,31227,70343,,,
777277,31227,71746,,,
777278,31227,74811,,,
777280,31227,73144,,,
777282,31227,73012,,,
777283,31227,77107,,,
777284,31227,72871,,,
777285,31227,73508,,,
777286,31227,75172,,,
777287,31227,72987,,,
777289,31227,74386,,,
777290,31227,71556,,,
777291,31227,71555,,,
777292,31227,71554,,,
777293,31228,66106,,,
777294,31228,73944,,,
777296,31228,67286,,,
777297,31228,77204,,,
777298,31228,72945,,,
777299,31228,71696,,,
777300,31228,77708,,,
777301,31228,71272,,,
777303,31228,72935,,,
777305,31228,71235,,,
777306,31228,69312,,,
777307,31229,72990,,,
777308,31229,66622,,,
777310,31229,66586,,,
777311,31229,77490,,,
777312,31229,67218,,,
777313,31229,68017,,,
777314,31229,74572,,,
777315,31229,75232,,,
777317,31229,74374,,,
777318,31229,66565,,,
777319,31229,72323,,,
777320,31229,75235,,,
777321,31229,66433,,,
777322,31229,69280,,,
777324,31230,68117,,,
777325,31230,66864,,,
777326,31230,67276,,,
777327,31230,71434,,,
777329,31230,71431,,,
777331,31221,83964,,,
777332,31221,83963,,,
777333,31221,83962,,,
777334,31221,80629,,,
777335,31221,90228,,,
777336,31221,90227,,,
777338,31221,83953,,,
777339,31221,83952,,,
777340,31221,83951,,,
777341,31221,83950,,,
777342,31221,83949,,,
777343,31221,83948,,,
777345,31221,83946,,,
777346,31221,92007,,,
777347,31221,83550,,,
777348,31221,88658,,,
777349,31221,78289,,,
777350,31221,87243,,,
777352,31221,88627,,,
777354,31221,83489,,,
777355,31221,81178,,,
1363904,53666,74866,,,
777357,31221,81552,,,
777358,31221,85766,,,
777359,31221,85765,,,
777361,31221,85761,,,
777363,31236,96726,,,
777364,31236,96728,,,
777365,31237,96999,,,
777366,31253,25471,,,
777368,31253,1020,,,
777369,31253,59514,,,
777370,31253,27640,,,
777371,31253,37879,,,
777372,31253,62328,,,
777373,31253,41583,,,
777375,31253,35297,,,
777376,31253,17111,,,
777377,31253,17110,,,
777378,31253,41552,,,
777379,31253,60157,,,
777380,31253,14013,,,
777382,31253,41526,,,
777383,31253,562,,,
777384,31253,805,,,
777385,31253,21793,,,
777387,31253,21791,,,
777389,31253,5140,,,
777390,31253,62478,,,
777391,31253,18188,,,
777392,31253,62476,,,
777393,31253,1288,,,
777394,31253,60160,,,
777396,31253,34816,,,
777397,31258,3196,,,
777398,31258,48761,,,
777399,31258,44917,,,
777400,31258,27759,,,
777401,31258,42218,,,
777403,31258,39269,,,
777404,31258,39267,,,
777405,31258,39266,,,
777406,31258,65886,,,
777407,31258,33753,,,
777408,31258,33749,,,
777410,31258,2900,,,
777412,31258,60367,,,
777413,31258,48827,,,
777414,31258,825,,,
777415,31258,33838,,,
777417,31258,33578,,,
777418,31258,5154,,,
777419,31258,60441,,,
777420,31258,2965,,,
777421,31258,62733,,,
777422,31258,28173,,,
777424,31258,15876,,,
777425,31258,65283,,,
777426,31258,65282,,,
777427,31258,29568,,,
777428,31211,59340,,,
777429,31211,27764,,,
777431,31239,69947,,,
777432,31239,67130,,,
777433,31239,78070,,,
777434,31239,70072,,,
777436,31239,72212,,,
777438,31239,67028,,,
777439,31239,70162,,,
777440,31239,70446,,,
777441,31239,68780,,,
777442,31239,71947,,,
777443,31239,73514,,,
777445,31239,69542,,,
777446,31239,67909,,,
777447,31239,70021,,,
777448,31239,69988,,,
777449,31239,77251,,,
777450,31239,66752,,,
777452,31240,69933,,,
777453,31241,34815,,,
777454,31241,77562,,,
777455,31241,38231,,,
777456,31241,100650,,,
777457,31241,21321,,,
777459,31241,41510,,,
777461,31243,59902,,,
777462,31243,47607,,,
1363911,53666,73299,,,
777464,31243,80880,,,
777465,31243,79851,,,
777466,31243,83948,,,
777468,31243,83946,,,
777470,31243,80869,,,
777471,31243,85962,,,
777472,31243,41409,,,
777473,31243,91585,,,
777475,31243,86962,,,
777476,31243,88496,,,
777477,31243,88493,,,
777478,31243,86948,,,
777479,31243,85924,,,
777480,31243,47008,,,
777482,31243,86407,,,
777483,31243,16771,,,
777484,31243,1402,,,
777485,31243,81781,,,
777486,31243,85364,,,
777487,31243,75118,,,
777489,31243,87400,,,
777490,31243,68926,,,
777491,31243,31037,,,
777492,31243,82748,,,
777494,31243,89907,,,
777496,31243,91435,,,
777497,31243,91646,,,
777498,31243,87335,,,
777499,31243,87334,,,
777500,31243,39715,,,
777501,31243,81698,,,
777503,31243,90399,,,
777504,31243,78598,,,
777505,31243,85764,,,
777506,31243,92413,,,
777507,31243,83698,,,
777508,31243,42210,,,
777510,31243,730,,,
777511,31243,81626,,,
777512,31243,81622,,,
777513,31243,89302,,,
777514,31243,102095,,,
777515,31243,87244,,,
777517,31243,15044,,,
777519,31243,89253,,,
777520,31243,89753,,,
777521,31243,87694,,,
777522,31243,39530,,,
777524,31243,101986,,,
777525,31243,83554,,,
777526,31243,79460,,,
777527,31243,83555,,,
777528,31243,79458,,,
777529,31243,83553,,,
777531,31243,83551,,,
777532,31243,83550,,,
777533,31243,83549,,,
777534,31243,83548,,,
777535,31243,83547,,,
777536,31243,83546,,,
777538,31243,83544,,,
777539,31243,45143,,,
777540,31243,83542,,,
777541,31243,83541,,,
777543,31243,34884,,,
777545,31243,84526,,,
777546,31243,84525,,,
777547,31243,44,,,
777548,31243,84009,,,
777549,31243,39460,,,
777550,31243,33825,,,
777552,31243,85534,,,
777553,31243,87064,,,
777554,31243,84497,,,
777555,31243,96266,,,
777556,31243,38921,,,
777557,31243,80903,,,
777559,31243,59905,,,
777560,31243,84481,,,
777561,31246,863,,,
777562,31246,4785,,,
777563,31247,69119,,,
777564,31247,77307,,,
777566,31247,75383,,,
777568,31247,78068,,,
777569,31247,67186,,,
1363918,53666,76858,,,
777571,31247,73328,,,
777572,31247,68975,,,
777573,31247,68974,,,
777575,31247,68836,,,
777577,31247,78050,,,
777578,31247,72289,,,
777579,31247,76508,,,
777580,31247,77651,,,
777582,31247,66512,,,
777583,31247,77390,,,
777584,31247,66893,,,
777585,31247,68423,,,
777586,31247,73286,,,
777587,31247,73157,,,
777589,31247,77247,,,
777590,31247,77246,,,
777591,31247,66877,,,
777592,31247,73148,,,
777593,31247,66361,,,
777594,31247,73143,,,
777596,31247,73247,,,
777597,31247,73638,,,
777598,31247,76069,,,
777599,31247,69284,,,
777601,31247,73506,,,
777603,31247,77470,,,
777604,31247,77215,,,
777605,31247,68510,,,
777606,31247,68509,,,
777607,31247,77468,,,
777608,31247,75160,,,
777610,31247,74006,,,
777611,31247,75412,,,
777612,31247,74899,,,
777613,31247,74898,,,
777614,31247,66063,,,
777615,31247,73742,,,
777617,31247,73223,,,
777618,31247,73863,,,
777619,31247,73733,,,
777620,31247,68482,,,
777621,31248,75754,,,
777622,31248,75749,,,
777624,31248,73685,,,
777626,31248,75721,,,
777627,31248,75719,,,
777628,31248,73670,,,
777629,31248,67523,,,
777631,31248,77750,,,
777632,31248,73654,,,
777633,31248,75696,,,
777634,31248,75686,,,
777635,31248,77731,,,
777636,31248,77718,,,
777638,31248,75661,,,
777639,31248,77686,,,
777640,31248,73559,,,
777641,31248,73552,,,
777642,31248,69450,,,
777643,31248,77641,,,
777645,31248,69444,,,
777646,31248,69443,,,
777647,31248,77633,,,
777648,31248,69440,,,
777650,31248,73528,,,
777652,31248,77599,,,
777653,31248,69404,,,
777654,31248,69402,,,
777655,31248,69397,,,
777656,31248,69392,,,
777657,31248,69390,,,
777659,31248,69388,,,
777660,31248,77578,,,
777661,31248,69386,,,
777662,31248,69380,,,
777663,31248,77562,,,
777664,31248,67308,,,
777666,31248,77522,,,
777667,31248,67275,,,
777668,31248,77501,,,
777669,31248,77500,,,
777670,31248,77490,,,
777671,31248,77480,,,
777673,31248,69284,,,
777675,31248,75413,,,
777676,31248,67218,,,
1363925,53666,67107,,,
777678,31248,73340,,,
777679,31248,77434,,,
777680,31248,67194,,,
777682,31248,71284,,,
777684,31248,77420,,,
777685,31248,71266,,,
777686,31248,71267,,,
777687,31248,73315,,,
777689,31248,71264,,,
777690,31248,67155,,,
777691,31248,73294,,,
777692,31248,67145,,,
777693,31248,69186,,,
777694,31248,69185,,,
777696,31248,69181,,,
777697,31248,69180,,,
777698,31248,69179,,,
777699,31248,73275,,,
777700,31248,75318,,,
777701,31248,75311,,,
777703,31248,75307,,,
777704,31248,75306,,,
777705,31248,73257,,,
777706,31248,77346,,,
777708,31248,69143,,,
777710,31248,73236,,,
777711,31248,73235,,,
777712,31248,77329,,,
777713,31248,77327,,,
777714,31248,71183,,,
777715,31248,69127,,,
777717,31248,75264,,,
777718,31248,77312,,,
777719,31248,67071,,,
777720,31248,67070,,,
777721,31248,77292,,,
777722,31248,77291,,,
777724,31248,77288,,,
777725,31248,75235,,,
777726,31248,67043,,,
777727,31248,75232,,,
777728,31248,75225,,,
777729,31248,77269,,,
777731,31248,68919,,,
777733,31248,66863,,,
777734,31248,70947,,,
777735,31248,72990,,,
777736,31248,70932,,,
777738,31248,68867,,,
777739,31248,70913,,,
777740,31248,72953,,,
777741,31248,68843,,,
777742,31248,72925,,,
777743,31248,72926,,,
777745,31248,74965,,,
777746,31248,74964,,,
777747,31248,77011,,,
777748,31248,74962,,,
777749,31248,74960,,,
777750,31248,68815,,,
777752,31248,68810,,,
777753,31248,72905,,,
777754,31248,68808,,,
777755,31248,68801,,,
777757,31248,68799,,,
777759,31248,76969,,,
777760,31248,68774,,,
777761,31248,72867,,,
777762,31248,72866,,,
777763,31248,70817,,,
777764,31248,66718,,,
777766,31248,72854,,,
777767,31248,76933,,,
777768,31248,66692,,,
777769,31248,66687,,,
777770,31248,66686,,,
777771,31248,68731,,,
777773,31248,74848,,,
777774,31248,68690,,,
777775,31248,74829,,,
777776,31248,74828,,,
777777,31248,66631,,,
777778,31248,66622,,,
777780,31248,76859,,,
777782,31248,68654,,,
777783,31248,66593,,,
1363930,53666,70684,,,
777785,31248,66567,,,
777786,31248,66565,,,
777787,31248,66558,,,
777789,31248,66551,,,
777791,31248,66547,,,
777792,31248,66545,,,
777793,31248,66527,,,
777794,31248,66526,,,
777796,31248,72665,,,
777797,31248,66521,,,
777798,31248,66518,,,
777799,31248,76748,,,
777800,31248,76747,,,
777801,31248,72650,,,
777803,31248,66501,,,
777804,31248,76737,,,
777805,31248,72632,,,
777806,31248,72631,,,
777807,31248,68531,,,
777808,31248,72621,,,
777810,31248,68503,,,
777811,31248,66453,,,
777812,31248,66446,,,
777813,31248,72584,,,
777815,31248,66433,,,
777817,31248,70526,,,
777818,31248,68476,,,
777819,31248,68475,,,
777820,31248,68474,,,
777821,31248,70520,,,
777822,31248,68464,,,
777824,31248,68452,,,
777825,31248,68451,,,
777826,31248,68448,,,
777827,31248,70489,,,
777828,31248,76635,,,
777829,31248,68443,,,
777831,31248,76633,,,
777832,31248,76630,,,
777833,31248,74572,,,
777834,31248,76617,,,
777835,31248,76611,,,
777836,31248,76608,,,
777838,31248,68411,,,
777840,31248,66341,,,
777841,31248,70434,,,
777842,31248,72480,,,
777843,31248,72478,,,
777845,31248,76564,,,
777846,31248,72457,,,
777847,31248,66301,,,
777848,31248,72444,,,
777849,31248,66282,,,
777850,31248,66271,,,
777852,31248,68303,,,
777853,31248,76493,,,
777854,31248,76492,,,
777855,31248,76490,,,
777856,31248,70328,,,
777857,31248,76464,,,
777859,31248,74402,,,
777860,31248,70304,,,
777861,31248,70295,,,
777862,31248,66190,,,
777864,31248,74375,,,
777866,31248,74373,,,
777867,31248,72323,,,
777868,31248,74368,,,
777869,31248,74367,,,
777870,31248,72318,,,
777871,31248,74364,,,
777873,31248,70259,,,
777874,31248,70258,,,
777875,31248,76393,,,
777876,31248,76370,,,
777877,31248,76364,,,
777878,31248,74312,,,
777880,31248,74298,,,
777881,31248,66094,,,
777882,31248,72218,,,
777883,31248,74260,,,
777884,31248,74252,,,
777885,31248,74246,,,
777887,31248,70130,,,
777889,31248,68071,,,
777890,31248,72163,,,
1363934,53666,67600,,,
777892,31248,76253,,,
777893,31248,74189,,,
777894,31248,74188,,,
777896,31248,70085,,,
777898,31248,68018,,,
777899,31248,68017,,,
777900,31248,74153,,,
777901,31248,74152,,,
777903,31248,74132,,,
777904,31248,70025,,,
777905,31248,70021,,,
777906,31248,70018,,,
777907,31248,67970,,,
777908,31248,67967,,,
777910,31248,67922,,,
777911,31248,69937,,,
777912,31248,67884,,,
777913,31248,67883,,,
777914,31248,69919,,,
777915,31248,67866,,,
777917,31248,76043,,,
777918,31248,69893,,,
777919,31248,69872,,,
777920,31248,76009,,,
777922,31248,73954,,,
777924,31248,71902,,,
777925,31248,75217,,,
777926,31248,73163,,,
777927,31248,71109,,,
777928,31248,67012,,,
777929,31248,69053,,,
777931,31248,66994,,,
777932,31248,66991,,,
777933,31248,73131,,,
777934,31248,69036,,,
777935,31248,71083,,,
777936,31248,73130,,,
777938,31248,66974,,,
777939,31248,66971,,,
777940,31248,66969,,,
777941,31248,75158,,,
777942,31248,73098,,,
777943,31248,68987,,,
777945,31248,75097,,,
777947,31248,77120,,,
777948,31248,70970,,,
777949,31248,68920,,,
777950,31248,71900,,,
777952,31248,78028,,,
777953,31248,67786,,,
777954,31248,67785,,,
777955,31248,67781,,,
777956,31248,75946,,,
777957,31248,77992,,,
777959,31248,77983,,,
777960,31248,75931,,,
777961,31248,73881,,,
777962,31248,69782,,,
777963,31248,73877,,,
777964,31248,77970,,,
777966,31248,77941,,,
777967,31248,67696,,,
777968,31248,67693,,,
777969,31248,69740,,,
777971,31248,67677,,,
777973,31248,67673,,,
777974,31248,77910,,,
777975,31248,71759,,,
777976,31248,71756,,,
777977,31248,75845,,,
777978,31248,73792,,,
777980,31248,75825,,,
777981,31248,75821,,,
777982,31248,71713,,,
777983,31248,71704,,,
777984,31248,73747,,,
777985,31248,73746,,,
777987,31248,73745,,,
777988,31248,77839,,,
777989,31248,73736,,,
777990,31248,75784,,,
777991,31248,73735,,,
777992,31249,72313,,,
777994,31249,75888,,,
777996,31249,68840,,,
777997,31249,73189,,,
1363941,53666,76809,,,
777999,31249,74721,,,
778000,31249,73952,,,
778001,31249,69468,,,
778003,31249,77776,,,
778005,31249,69831,,,
778006,31249,71239,,,
778007,31249,76229,,,
778008,31249,73145,,,
778010,31249,75170,,,
778011,31249,66326,,,
778012,31249,69268,,,
778013,31249,72335,,,
778014,31249,66575,,,
778015,31249,77711,,,
778017,31249,71174,,,
778018,31250,75775,,,
778019,31250,73726,,,
778020,31250,73725,,,
778021,31250,77820,,,
778022,31250,77819,,,
778024,31250,67566,,,
778025,31250,67562,,,
778026,31250,67559,,,
778027,31250,67558,,,
778029,31250,77796,,,
778031,31250,77794,,,
778032,31250,77793,,,
778033,31250,77792,,,
778034,31250,67550,,,
778035,31250,67547,,,
778036,31250,75738,,,
778038,31250,67543,,,
778039,31250,69588,,,
778040,31250,77776,,,
778041,31250,77767,,,
778042,31250,73670,,,
778043,31250,75716,,,
778045,31250,67523,,,
778046,31250,73663,,,
778047,31250,73662,,,
778048,31250,67516,,,
778049,31250,73657,,,
778050,31250,73654,,,
778052,31250,67511,,,
778054,31250,77748,,,
778055,31250,75700,,,
778056,31250,67507,,,
778057,31250,67506,,,
778059,31250,67497,,,
778060,31250,77743,,,
778061,31250,67494,,,
778062,31250,67501,,,
778063,31250,77740,,,
778064,31250,77736,,,
778066,31250,77737,,,
778067,31250,73638,,,
778068,31250,77735,,,
778069,31250,67493,,,
778070,31250,73637,,,
778071,31250,67492,,,
778073,31250,69537,,,
778074,31250,77723,,,
778075,31250,77719,,,
778076,31250,67470,,,
778078,31250,73609,,,
778080,31250,73603,,,
778081,31250,73602,,,
778082,31250,77691,,,
778083,31250,77687,,,
778084,31250,73590,,,
778085,31250,73581,,,
778087,31250,77675,,,
778088,31250,77670,,,
778089,31250,77669,,,
778090,31250,73571,,,
778091,31250,73570,,,
778092,31250,73569,,,
778094,31250,75602,,,
778095,31250,69453,,,
778096,31250,77640,,,
778097,31250,67397,,,
778098,31250,67396,,,
778099,31250,69442,,,
778101,31250,77632,,,
778103,31250,69415,,,
778104,31250,71450,,,
1363948,53687,6393,,,
778106,31250,77584,,,
778107,31250,77583,,,
778108,31250,67341,,,
778110,31250,77573,,,
778112,31250,75518,,,
778113,31250,75509,,,
778114,31250,75507,,,
778115,31250,75502,,,
778117,31250,77536,,,
778118,31250,68848,,,
778119,31250,70896,,,
778120,31250,77039,,,
778121,31250,74983,,,
778122,31250,68836,,,
778124,31250,70884,,,
778125,31250,74978,,,
778126,31250,70864,,,
778127,31250,74955,,,
778128,31250,72905,,,
778129,31250,68809,,,
778131,31250,74947,,,
778132,31250,68801,,,
778133,31250,72895,,,
778134,31250,76982,,,
778136,31250,76981,,,
778138,31250,66735,,,
778139,31250,66730,,,
778140,31250,70818,,,
778141,31250,70817,,,
778142,31250,72863,,,
778143,31250,74903,,,
778145,31250,74898,,,
778146,31250,74894,,,
778147,31250,68740,,,
778148,31250,68731,,,
778149,31250,70779,,,
778150,31250,70778,,,
778152,31250,74866,,,
778153,31250,66671,,,
778154,31250,68714,,,
778155,31250,74857,,,
778156,31250,72807,,,
778157,31250,72805,,,
778159,31250,72802,,,
778161,31250,74848,,,
778162,31250,74847,,,
778163,31250,66654,,,
778164,31250,66652,,,
778166,31250,74838,,,
778167,31250,66645,,,
778168,31250,74830,,,
778169,31250,74829,,,
778170,31250,74828,,,
778171,31250,66631,,,
778173,31250,74819,,,
778174,31250,74817,,,
778175,31250,74814,,,
778176,31250,66622,,,
778177,31250,68669,,,
778178,31250,74810,,,
778180,31250,74804,,,
778181,31250,74803,,,
778182,31250,70707,,,
778183,31250,74802,,,
778185,31250,70703,,,
778187,31250,72734,,,
778188,31250,72731,,,
778189,31250,66586,,,
778190,31250,72728,,,
778191,31250,72726,,,
778192,31250,70671,,,
778194,31250,70670,,,
778195,31250,70669,,,
778196,31250,76805,,,
778197,31250,70663,,,
778198,31250,74757,,,
778199,31250,66565,,,
778201,31250,70655,,,
778202,31250,72702,,,
778203,31250,72700,,,
778204,31250,70647,,,
778205,31250,66547,,,
778206,31250,70641,,,
778208,31250,70639,,,
778210,31250,72677,,,
778211,31250,74724,,,
1363955,53711,56487,,,
778213,31250,74717,,,
778214,31250,72657,,,
778215,31250,66512,,,
778217,31250,66509,,,
778219,31250,72643,,,
778220,31250,74688,,,
778221,31250,70587,,,
778222,31250,70584,,,
778224,31250,72631,,,
778225,31250,74676,,,
778226,31250,70580,,,
778227,31250,68531,,,
778228,31250,66480,,,
778229,31250,74672,,,
778231,31250,66475,,,
778232,31250,76713,,,
778233,31250,70569,,,
778234,31250,66470,,,
778235,31250,74661,,,
778236,31250,68507,,,
778238,31250,68509,,,
778239,31250,74656,,,
778240,31250,68510,,,
778241,31250,74652,,,
778243,31250,70556,,,
778245,31250,70554,,,
778246,31250,74649,,,
778247,31250,70552,,,
778248,31250,68499,,,
778249,31250,66447,,,
778250,31250,76687,,,
778252,31250,76685,,,
778253,31250,74636,,,
778254,31250,76681,,,
778255,31250,66441,,,
778256,31250,68486,,,
778257,31250,76673,,,
778259,31250,74626,,,
778260,31250,66433,,,
778261,31250,70527,,,
778262,31250,74609,,,
778263,31250,66415,,,
778264,31250,66410,,,
778266,31250,70498,,,
778268,31250,68450,,,
778269,31250,66399,,,
778270,31250,68444,,,
778271,31250,74572,,,
778273,31250,68422,,,
778274,31250,76613,,,
778275,31250,68418,,,
778276,31250,66367,,,
778277,31250,76606,,,
778278,31250,66364,,,
778280,31250,66361,,,
778281,31250,66358,,,
778282,31250,76599,,,
778283,31250,76596,,,
778284,31250,76595,,,
778285,31250,68404,,,
778287,31250,68400,,,
778288,31250,68399,,,
778289,31250,68393,,,
778290,31250,68390,,,
778292,31250,76577,,,
778294,31250,76566,,,
778295,31250,66326,,,
778296,31250,72460,,,
778297,31250,76554,,,
778298,31250,66310,,,
778299,31250,76550,,,
778301,31250,66295,,,
778302,31250,74484,,,
778303,31250,74479,,,
778304,31250,74477,,,
778305,31250,76514,,,
778306,31250,66271,,,
778308,31250,74460,,,
778309,31250,74461,,,
778310,31250,76508,,,
778311,31250,74458,,,
778312,31250,70359,,,
778313,31250,68312,,,
778315,31250,74452,,,
778317,31250,72384,,,
778318,31250,70328,,,
1363962,53686,81913,,,
778320,31250,68274,,,
778321,31250,70320,,,
778322,31250,76454,,,
778324,31250,76429,,,
778326,31250,72323,,,
778327,31250,74364,,,
778328,31250,76410,,,
778329,31250,76409,,,
778331,31250,74350,,,
778332,31250,74351,,,
778333,31250,76399,,,
778334,31250,76398,,,
778335,31250,76393,,,
778336,31250,76392,,,
778338,31250,68506,,,
778339,31250,66136,,,
778340,31250,66134,,,
778341,31250,70229,,,
778342,31250,76372,,,
778343,31250,70227,,,
778345,31250,74293,,,
778346,31250,66094,,,
778347,31250,72230,,,
778348,31250,66076,,,
778350,31250,66071,,,
778352,31250,66063,,,
778353,31250,74246,,,
778354,31250,72196,,,
778355,31250,72191,,,
778356,31250,72190,,,
778357,31250,66036,,,
778359,31250,66034,,,
778360,31250,72163,,,
778361,31250,74207,,,
778362,31250,74172,,,
778363,31250,74171,,,
778364,31250,68017,,,
778366,31250,74134,,,
778367,31250,67985,,,
778368,31250,74118,,,
778369,31250,74119,,,
778370,31250,67974,,,
778371,31250,67973,,,
778373,31250,74112,,,
778375,31250,67955,,,
778376,31250,76146,,,
778377,31250,72044,,,
778378,31250,76136,,,
778380,31250,69972,,,
778381,31250,74066,,,
778382,31250,67919,,,
778383,31250,76110,,,
778384,31250,76109,,,
778385,31250,67910,,,
778387,31250,74052,,,
778388,31250,67904,,,
778389,31250,74046,,,
778390,31250,69948,,,
778391,31250,67900,,,
778392,31250,67899,,,
778394,31250,78128,,,
778395,31250,76069,,,
778396,31250,76052,,,
778397,31250,69906,,,
778399,31250,73993,,,
778401,31250,76029,,,
778402,31250,69885,,,
778403,31250,78069,,,
778404,31250,78068,,,
778405,31250,78060,,,
778406,31250,78050,,,
778408,31250,78043,,,
778409,31250,71898,,,
778410,31250,78044,,,
778411,31250,78041,,,
778412,31250,78042,,,
778413,31250,67801,,,
778415,31250,78035,,,
778416,31250,75985,,,
778417,31250,78029,,,
778418,31250,78028,,,
778419,31250,73912,,,
778420,31250,78008,,,
778422,31250,67762,,,
778424,31250,77981,,,
778425,31250,67736,,,
1363969,53714,49450,,,
778427,31250,67725,,,
778428,31250,77965,,,
778429,31250,77964,,,
778431,31250,77532,,,
778433,31250,69326,,,
778434,31250,102084,,,
778435,31250,102082,,,
778436,31250,69313,,,
778438,31250,102069,,,
778439,31250,77492,,,
778440,31250,75443,,,
778441,31250,77490,,,
778442,31250,77486,,,
778443,31250,77483,,,
778445,31250,77480,,,
778446,31250,77479,,,
778447,31250,69287,,,
778448,31250,69284,,,
778449,31250,69280,,,
778450,31250,77470,,,
778452,31250,77468,,,
778453,31250,67499,,,
778454,31250,75412,,,
778455,31250,67218,,,
778457,31250,77454,,,
778459,31250,77452,,,
778460,31250,73347,,,
778461,31250,77429,,,
778462,31250,67186,,,
778463,31250,73328,,,
778464,31250,71276,,,
778466,31250,77418,,,
778467,31250,75366,,,
778468,31250,73314,,,
778469,31250,77396,,,
778470,31250,77394,,,
778471,31250,77393,,,
778473,31250,69197,,,
778474,31250,77386,,,
778475,31250,71241,,,
778476,31250,73286,,,
778477,31250,73283,,,
778478,31250,69187,,,
778480,31250,77372,,,
778482,31250,73269,,,
778483,31250,73268,,,
778484,31250,75310,,,
778485,31250,69170,,,
778487,31250,75312,,,
778488,31250,75311,,,
778489,31250,69166,,,
778490,31250,67117,,,
778491,31250,75307,,,
778492,31250,75306,,,
778494,31250,73249,,,
778495,31250,73248,,,
778496,31250,73247,,,
778497,31250,77340,,,
778498,31250,75292,,,
778499,31250,75291,,,
778501,31250,75289,,,
778502,31250,71188,,,
778503,31250,73236,,,
778504,31250,71183,,,
778506,31250,77324,,,
778508,31250,73227,,,
778509,31250,71175,,,
778510,31250,73223,,,
778511,31250,67079,,,
778512,31250,67078,,,
778513,31250,71173,,,
778515,31250,75263,,,
778516,31250,75264,,,
778517,31250,67071,,,
778518,31250,67070,,,
778519,31250,77309,,,
778520,31250,77307,,,
778522,31250,75242,,,
778523,31250,67050,,,
778524,31250,73190,,,
778525,31250,73189,,,
778526,31250,75235,,,
778527,31250,71139,,,
778529,31250,73185,,,
778531,31250,73183,,,
778532,31250,69086,,,
1363976,53688,86124,,,
778534,31250,71125,,,
778535,31250,67013,,,
778536,31250,73157,,,
778538,31250,67006,,,
778540,31250,73143,,,
778541,31250,75188,,,
778542,31250,66994,,,
778543,31250,75185,,,
778545,31250,69037,,,
778546,31250,75180,,,
778547,31250,66988,,,
778548,31250,77226,,,
778549,31250,71076,,,
778550,31250,77218,,,
778552,31250,71071,,,
778553,31250,75166,,,
778554,31250,75164,,,
778555,31250,75160,,,
778556,31250,73109,,,
778557,31250,75157,,,
778559,31250,75154,,,
778560,31250,66961,,,
778561,31250,75152,,,
778562,31250,75148,,,
778564,31250,77197,,,
778566,31250,77194,,,
778567,31250,77192,,,
778568,31250,75140,,,
778569,31250,75132,,,
778570,31250,71032,,,
778571,31250,75122,,,
778573,31250,75120,,,
778574,31250,77168,,,
778575,31250,66930,,,
778576,31250,75119,,,
778577,31250,75118,,,
778578,31250,68975,,,
778580,31250,75115,,,
778581,31250,75114,,,
778582,31250,73051,,,
778583,31250,75093,,,
778584,31250,70995,,,
778585,31250,75089,,,
778587,31250,75082,,,
778589,31250,77128,,,
778590,31250,68931,,,
778591,31250,75074,,,
778592,31250,75072,,,
778594,31250,70974,,,
778595,31250,70972,,,
778596,31250,75063,,,
778597,31250,70966,,,
778598,31250,75064,,,
778599,31250,77111,,,
778601,31250,70965,,,
778602,31250,70959,,,
778603,31250,70958,,,
778604,31250,70956,,,
778605,31250,73002,,,
778606,31250,73001,,,
778608,31250,72998,,,
778609,31250,68901,,,
778610,31250,75044,,,
778611,31250,70947,,,
778613,31250,75040,,,
778615,31250,72990,,,
778616,31250,70941,,,
778617,31250,77084,,,
778618,31250,77081,,,
778619,31250,70937,,,
778620,31250,70932,,,
778622,31250,70927,,,
778623,31250,77070,,,
778624,31250,77069,,,
778625,31250,77068,,,
778626,31250,77064,,,
778627,31250,77063,,,
778629,31250,77061,,,
778630,31250,77057,,,
778631,31250,77056,,,
778632,31250,72953,,,
778633,31250,72949,,,
778634,31250,73857,,,
778636,31250,67708,,,
778638,31250,69754,,,
778639,31250,67705,,,
1363983,53688,16605,,,
778641,31250,67698,,,
778642,31250,77934,,,
778643,31250,71786,,,
778645,31250,77924,,,
778647,31250,75869,,,
778648,31250,77915,,,
778649,31250,77913,,,
778650,31250,77910,,,
778652,31250,67658,,,
778653,31250,69702,,,
778654,31250,71749,,,
778655,31250,73793,,,
778656,31250,77889,,,
778657,31250,73792,,,
778659,31250,67582,,,
778660,31250,73780,,,
778661,31250,77872,,,
778662,31250,75823,,,
778663,31250,75821,,,
778664,31250,75815,,,
778666,31250,73749,,,
778667,31250,77844,,,
778668,31250,77843,,,
778669,31250,75792,,,
778671,31250,73741,,,
778673,31250,77835,,,
778674,31250,75785,,,
778675,31250,67584,,,
778676,31255,3196,,,
778677,31255,48761,,,
778678,31255,44917,,,
778680,31255,42218,,,
778681,31255,39270,,,
778682,31255,39269,,,
778683,31255,39267,,,
778684,31255,39266,,,
778685,31255,65886,,,
778687,31255,33749,,,
778688,31255,3925,,,
778689,31255,60367,,,
778690,31255,825,,,
778691,31255,33838,,,
778692,31255,813,,,
778694,31255,5154,,,
778696,31255,62733,,,
778697,31255,28173,,,
778698,31255,62729,,,
778699,31255,15876,,,
778701,31255,65282,,,
778702,31255,29568,,,
778703,31254,73756,,,
778704,31254,66073,,,
778705,31254,66709,,,
778706,31254,74290,,,
778708,31254,74224,,,
778709,31254,75151,,,
778710,31254,74283,,,
778711,31256,68094,,,
778712,31256,72188,,,
778713,31256,72187,,,
778715,31256,68076,,,
778716,31256,68075,,,
778717,31256,68074,,,
778718,31256,68073,,,
778720,31256,68066,,,
778722,31256,68064,,,
778723,31256,68058,,,
778724,31256,76229,,,
778725,31256,76228,,,
778726,31256,72126,,,
778727,31256,72123,,,
778729,31256,70054,,,
778730,31256,70052,,,
778731,31256,74147,,,
778732,31256,67982,,,
778733,31256,76174,,,
778734,31256,67977,,,
778736,31256,76155,,,
778737,31256,67961,,,
778738,31256,70004,,,
778739,31256,72044,,,
778740,31256,74086,,,
778741,31256,76102,,,
778743,31256,72008,,,
778745,31256,72006,,,
778746,31256,74048,,,
1363990,53688,19157,,,
778748,31256,74043,,,
778749,31256,69942,,,
778750,31256,78123,,,
778752,31256,78111,,,
778754,31256,78108,,,
778755,31256,74010,,,
778756,31256,78101,,,
778757,31256,76029,,,
778759,31256,73725,,,
778760,31256,78059,,,
778761,31256,78058,,,
778762,31256,73958,,,
778763,31256,78049,,,
778764,31256,73952,,,
778766,31256,75983,,,
778767,31256,78030,,,
778768,31256,73726,,,
778769,31256,77821,,,
778770,31256,77820,,,
778771,31256,73722,,,
778773,31256,67570,,,
778774,31256,67569,,,
778775,31256,67568,,,
778776,31256,67567,,,
778778,31256,67559,,,
778780,31256,75749,,,
778781,31256,75745,,,
778782,31256,75744,,,
778783,31256,75740,,,
778784,31256,67547,,,
778785,31256,75738,,,
778787,31256,75733,,,
778788,31256,75728,,,
778789,31256,73668,,,
778790,31256,67523,,,
778791,31256,75713,,,
778792,31256,73662,,,
778794,31256,73654,,,
778795,31256,67497,,,
778796,31256,67492,,,
778797,31256,71580,,,
778798,31256,69532,,,
778799,31256,67477,,,
778801,31256,77716,,,
778803,31256,75661,,,
778804,31256,67469,,,
778805,31256,67466,,,
778806,31256,73609,,,
778808,31256,73602,,,
778809,31256,67448,,,
778810,31256,73590,,,
778811,31256,73581,,,
778812,31256,73580,,,
778813,31256,73571,,,
778815,31256,73570,,,
778816,31256,73569,,,
778817,31256,67378,,,
778818,31256,77614,,,
778819,31256,67360,,,
778820,31256,75538,,,
778822,31256,71425,,,
778823,31256,71423,,,
778824,31256,71420,,,
778825,31256,67320,,,
778827,31256,71406,,,
778829,31256,67292,,,
778830,31256,71383,,,
778831,31256,71381,,,
778832,31256,73421,,,
778833,31256,69318,,,
778834,31256,102084,,,
778836,31256,102082,,,
778837,31256,77500,,,
778838,31256,77496,,,
778839,31256,75443,,,
778840,31256,71347,,,
778841,31256,77482,,,
778843,31256,71325,,,
778844,31256,69268,,,
778845,31256,73347,,,
778846,31256,71290,,,
778847,31256,71289,,,
778848,31256,71288,,,
778850,31256,77428,,,
778852,31256,77418,,,
778853,31256,67179,,,
1363997,53688,41532,,,
778855,31256,67177,,,
778856,31256,73318,,,
778857,31256,75356,,,
778859,31256,77400,,,
778861,31256,77397,,,
778862,31256,77386,,,
778863,31256,71232,,,
778864,31256,71226,,,
778866,31256,69172,,,
778867,31256,75311,,,
778868,31256,75309,,,
778869,31256,77357,,,
778870,31256,75307,,,
778871,31256,75306,,,
778873,31256,69155,,,
778874,31256,67107,,,
778875,31256,69154,,,
778876,31256,67105,,,
778877,31256,75295,,,
778878,31256,77342,,,
778880,31256,69136,,,
778881,31256,71172,,,
778882,31256,75249,,,
778883,31256,71145,,,
778885,31256,73189,,,
778887,31256,77259,,,
778888,31256,73157,,,
778889,31256,73155,,,
778890,31256,73153,,,
778891,31256,73152,,,
778892,31256,77243,,,
778894,31256,75182,,,
778895,31256,69037,,,
778896,31256,75180,,,
778897,31256,73128,,,
778898,31256,73127,,,
778899,31256,75173,,,
778901,31256,77209,,,
778902,31256,75160,,,
778903,31256,71061,,,
778904,31256,75150,,,
778905,31256,77194,,,
778906,31256,68970,,,
778908,31256,73052,,,
778910,31256,70985,,,
778911,31256,70979,,,
778912,31256,77111,,,
778913,31256,66872,,,
778915,31256,68919,,,
778916,31256,70966,,,
778917,31256,70964,,,
778918,31256,70961,,,
778919,31256,73001,,,
778920,31256,70947,,,
778922,31256,70934,,,
778923,31256,72980,,,
778924,31256,70927,,,
778925,31256,77070,,,
778926,31256,70924,,,
778927,31256,68874,,,
778929,31256,68855,,,
778930,31256,72943,,,
778931,31256,72929,,,
778932,31256,66774,,,
778934,31256,72909,,,
778936,31256,72904,,,
778937,31256,74948,,,
778938,31256,74940,,,
778939,31256,66738,,,
778940,31256,72876,,,
778941,31256,76936,,,
778943,31256,68736,,,
778944,31256,68731,,,
778945,31256,68714,,,
778946,31256,74848,,,
778947,31256,66651,,,
778948,31256,74829,,,
778950,31256,66631,,,
778951,31256,68677,,,
778952,31256,68669,,,
778953,31256,76860,,,
778954,31256,76858,,,
778955,31256,66618,,,
778957,31256,74804,,,
778959,31256,76836,,,
778960,31256,72726,,,
1364004,53688,89898,,,
778962,31256,66575,,,
778963,31256,76811,,,
778964,31256,74762,,,
778966,31256,74752,,,
778968,31256,66545,,,
778969,31256,68576,,,
778970,31256,74719,,,
778971,31256,68572,,,
778973,31256,74712,,,
778974,31256,74711,,,
778975,31256,66515,,,
778976,31256,66514,,,
778977,31256,74705,,,
778978,31256,70597,,,
778980,31256,72631,,,
778981,31256,68531,,,
778982,31256,66480,,,
778983,31256,74666,,,
778984,31256,76713,,,
778985,31256,70554,,,
778987,31256,68491,,,
778988,31256,68485,,,
778989,31256,76673,,,
778990,31256,70527,,,
778992,31256,76650,,,
778994,31256,70498,,,
778995,31256,68432,,,
778996,31256,66369,,,
778997,31256,66367,,,
778998,31256,66366,,,
778999,31256,66365,,,
779001,31256,66359,,,
779002,31256,66358,,,
779003,31256,76596,,,
779004,31256,76595,,,
779005,31256,76577,,,
779006,31256,76566,,,
779008,31256,76554,,,
779009,31256,76521,,,
779010,31256,66271,,,
779011,31256,68312,,,
779012,31256,70359,,,
779013,31256,66261,,,
779015,31256,68304,,,
779017,31256,66252,,,
779018,31256,66237,,,
779019,31256,66236,,,
779020,31256,70329,,,
779022,31256,66230,,,
779023,31256,72335,,,
779024,31256,76410,,,
779025,31256,72314,,,
779026,31256,72313,,,
779027,31256,72311,,,
779029,31256,74351,,,
779030,31256,74350,,,
779031,31256,76393,,,
779032,31256,66150,,,
779033,31256,76388,,,
779034,31256,72281,,,
779036,31256,76370,,,
779037,31256,74319,,,
779038,31256,70214,,,
779039,31256,74286,,,
779041,31256,72230,,,
779043,31256,66070,,,
779044,31256,68100,,,
779045,31256,68097,,,
779046,31256,68096,,,
779047,31256,75980,,,
779048,31256,78021,,,
779050,31256,75957,,,
779051,31256,75956,,,
779052,31256,75954,,,
779053,31256,78001,,,
779054,31256,67761,,,
779055,31256,67760,,,
779057,31256,77996,,,
779058,31256,67745,,,
779059,31256,73888,,,
779060,31256,77984,,,
779061,31256,73872,,,
779062,31256,73858,,,
779064,31256,75888,,,
779066,31256,71781,,,
779067,31256,71777,,,
1364011,53688,80272,,,
779069,31256,77910,,,
779070,31256,73805,,,
779071,31256,75847,,,
779073,31256,77889,,,
779075,31256,75840,,,
779076,31256,73791,,,
779077,31256,67645,,,
779078,31256,73788,,,
779080,31256,75824,,,
779081,31256,73776,,,
779082,31256,73770,,,
779083,31256,71711,,,
779084,31256,67608,,,
779085,31256,67600,,,
779087,31256,67599,,,
779088,31256,69637,,,
779089,31260,30717,,,
779090,31260,48634,,,
779091,31260,58359,,,
779092,31260,16371,,,
779094,31260,32747,,,
779095,31260,24553,,,
779096,31260,33250,,,
779097,31260,60370,,,
779099,31260,22990,,,
779101,31260,60363,,,
779102,31260,60362,,,
779103,31260,3011,,,
779104,31260,57276,,,
779105,31260,65459,,,
779106,31260,41907,,,
779108,31260,26542,,,
779109,31260,60332,,,
779110,31260,33707,,,
779111,31260,27561,,,
779112,31260,26532,,,
779113,31260,26530,,,
779115,31260,33691,,,
779116,31260,57749,,,
779117,31260,24980,,,
779118,31260,57746,,,
779119,31260,57745,,,
779120,31260,27536,,,
779122,31260,1402,,,
779124,31260,16250,,,
779125,31260,3959,,,
779126,31260,60279,,,
779127,31260,33652,,,
779129,31260,29550,,,
779130,31260,34155,,,
779131,31260,31080,,,
779132,31260,65881,,,
779133,31260,58196,,,
779134,31260,31058,,,
779136,31260,19265,,,
779137,31260,19263,,,
779138,31260,17728,,,
779139,31260,45889,,,
779140,31260,17727,,,
779141,31260,33599,,,
779143,31260,1338,,,
779144,31260,1337,,,
779145,31260,65336,,,
779146,31260,65335,,,
779148,31260,34095,,,
779150,31260,48936,,,
779151,31260,29990,,,
779152,31260,59686,,,
779153,31260,48926,,,
779154,31260,38686,,,
779155,31260,60173,,,
779157,31260,65797,,,
779158,31260,60162,,,
779159,31260,23293,,,
779160,31260,65279,,,
779161,31260,39678,,,
779162,31260,48893,,,
779164,31260,761,,,
779165,31260,14070,,,
779166,31260,65272,,,
779167,31260,65271,,,
779168,31260,65270,,,
779169,31260,13039,,,
779171,31260,13038,,,
779173,31260,22244,,,
779174,31260,31457,,,
1364018,53652,86124,,,
779176,31260,730,,,
779177,31260,26329,,,
779178,31260,1238,,,
779180,31260,24273,,,
779182,31260,716,,,
779183,31260,59595,,,
779184,31260,48836,,,
779185,31260,1726,,,
779187,31260,1213,,,
779188,31260,58554,,,
779189,31260,1719,,,
779190,31260,30386,,,
779191,31260,26799,,,
779192,31260,21164,,,
779194,31260,1186,,,
779195,31260,15521,,,
779196,31260,41118,,,
779197,31260,41625,,,
779198,31260,28308,,,
779199,31260,29840,,,
779201,31260,65166,,,
779202,31260,30349,,,
779203,31260,60038,,,
779204,31260,100485,,,
779206,31260,14467,,,
779208,31260,56449,,,
779209,31260,633,,,
779210,31260,113,,,
779211,31260,115,,,
779212,31260,31346,,,
779213,31260,38001,,,
779215,31260,37999,,,
779216,31260,61550,,,
779217,31260,27753,,,
779218,31260,20584,,,
779219,31260,101986,,,
779220,31260,33878,,,
779222,31260,1608,,,
779223,31260,26182,,,
779224,31260,20035,,,
779225,31260,26691,,,
779226,31260,39486,,,
779227,31260,35375,,,
779229,31260,1570,,,
779231,31260,33825,,,
779232,31260,62493,,,
779233,31260,28188,,,
779234,31260,101396,,,
779236,31260,18948,,,
779237,31260,59907,,,
779238,31260,48642,,,
779239,31265,33406,,,
779240,31265,101629,,,
779241,31265,37756,,,
779243,31265,101620,,,
779244,31265,1260,,,
779245,31265,33898,,,
779246,31265,62308,,,
779247,31265,58081,,,
779248,31265,19777,,,
779250,31265,33845,,,
779251,31265,3636,,,
779252,31265,27312,,,
779253,31265,23342,,,
779255,31265,23843,,,
779257,31265,23841,,,
779258,31265,4639,,,
779259,31265,28190,,,
779260,31265,2572,,,
779261,31265,58380,,,
779262,31265,3723,,,
779264,31261,70705,,,
779265,31261,66501,,,
779266,31261,76532,,,
779267,31261,72457,,,
779268,31261,76968,,,
779269,31262,82934,,,
779271,31262,92134,,,
779272,31262,92133,,,
779273,31262,92132,,,
779274,31262,75235,,,
779275,31262,92130,,,
779276,31262,92129,,,
779278,31262,84438,,,
779280,31262,65992,,,
779281,31262,73670,,,
1364025,53691,59509,,,
779283,31262,91578,,,
779284,31262,90044,,,
779285,31262,91576,,,
779287,31262,5047,,,
779289,31262,91575,,,
779290,31262,91574,,,
779291,31262,91573,,,
779292,31262,91572,,,
779294,31262,91570,,,
779295,31262,91569,,,
779296,31262,75696,,,
779297,31262,31661,,,
779298,31262,79773,,,
779299,31262,63383,,,
779301,31262,80261,,,
779302,31262,66433,,,
779303,31262,89981,,,
779304,31262,1402,,,
779305,31262,65393,,,
779306,31262,34152,,,
779308,31262,80733,,,
779309,31262,1372,,,
779310,31262,24400,,,
779311,31262,74572,,,
779313,31262,1844,,,
779315,31262,72990,,,
779316,31262,81681,,,
779317,31262,62734,,,
779318,31262,84723,,,
779319,31262,84721,,,
779320,31262,79601,,,
779322,31262,81120,,,
779323,31262,82115,,,
779324,31262,91324,,,
779325,31262,37041,,,
779326,31262,77490,,,
779327,31262,58033,,,
779329,31262,92334,,,
779330,31262,48813,,,
779331,31262,69280,,,
779332,31262,39580,,,
779333,31262,67218,,,
779334,31262,83087,,,
779336,31262,72323,,,
779338,31262,24188,,,
779339,31262,24187,,,
779340,31262,1145,,,
779341,31262,89208,,,
779343,31262,87131,,,
779344,31262,84058,,,
779345,31262,91729,,,
779346,31262,84048,,,
779347,31262,85065,,,
779348,31262,84547,,,
779350,31262,66622,,,
779351,31262,67133,,,
779352,31262,84537,,,
779353,31262,80440,,,
779354,31262,84528,,,
779355,31262,59947,,,
779357,31262,27175,,,
779358,31262,27174,,,
779359,31262,60451,,,
779360,31262,33825,,,
779362,31262,66586,,,
779364,31262,78353,,,
779365,31262,87558,,,
779366,31262,66565,,,
779367,31262,81413,,,
779368,31262,87554,,,
779369,31262,75264,,,
779371,31266,46228,,,
779372,31266,46227,,,
779373,31266,4333,,,
779374,31266,27629,,,
779375,31266,65131,,,
779376,31266,2756,,,
779378,31267,73242,,,
779379,31267,74870,,,
779380,31267,70359,,,
779381,31267,67285,,,
779382,31267,68021,,,
779383,31267,68020,,,
779385,31267,67338,,,
779387,31267,75082,,,
779388,31267,75084,,,
1364032,53691,29276,,,
779390,31267,75081,,,
779391,31267,68266,,,
779392,31267,70761,,,
779394,31267,77690,,,
779396,31268,72060,,,
779397,31268,66673,,,
779398,31268,77389,,,
779399,31268,68548,,,
779401,31268,76640,,,
779402,31268,74912,,,
779403,31271,63967,,,
779404,31271,63902,,,
779405,31271,63901,,,
779406,31271,3828,,,
779408,31270,76029,,,
779409,31270,66809,,,
779410,31270,68599,,,
779411,31270,68598,,,
779412,31270,68589,,,
779413,31270,68588,,,
779415,31270,68045,,,
779416,31270,66369,,,
779417,31270,66879,,,
779418,31270,66365,,,
779420,31270,68649,,,
779422,31270,74278,,,
779423,31270,72353,,,
779424,31270,71581,,,
779425,31270,75162,,,
779426,31270,74010,,,
779427,31270,71577,,,
779429,31270,72192,,,
779430,31319,87319,,,
779431,31319,90054,,,
779432,31319,92377,,,
779433,31319,90056,,,
779434,31272,3828,,,
779436,31274,77821,,,
779437,31274,77820,,,
779438,31274,75248,,,
779439,31274,75247,,,
779440,31274,71659,,,
779441,31274,68074,,,
779443,31274,71144,,,
779445,31274,68065,,,
779446,31274,68064,,,
779447,31274,72159,,,
779448,31274,72158,,,
779450,31274,74712,,,
779451,31274,77270,,,
779452,31274,72149,,,
779453,31274,66515,,,
779454,31274,66514,,,
779455,31274,73167,,,
779457,31274,77259,,,
779458,31274,72133,,,
779459,31274,73155,,,
779460,31274,77243,,,
779461,31274,66475,,,
779462,31274,74666,,,
779464,31274,73127,,,
779465,31274,76198,,,
779466,31274,67492,,,
779467,31274,74139,,,
779469,31274,67477,,,
779471,31274,71061,,,
779472,31274,77716,,,
779473,31274,67471,,,
779474,31274,75150,,,
779475,31274,67982,,,
779476,31274,67469,,,
779478,31274,67466,,,
779479,31274,73610,,,
779480,31274,67977,,,
779481,31274,67975,,,
779482,31274,67457,,,
779483,31274,67961,,,
779485,31274,76650,,,
779486,31274,68453,,,
779487,31274,77667,,,
779488,31274,71007,,,
779489,31274,73052,,,
779490,31274,70999,,,
779492,31274,75599,,,
779494,31274,72008,,,
779495,31274,72007,,,
1364037,53691,34126,,,
779497,31274,70979,,,
779498,31274,66369,,,
779499,31274,66365,,,
779501,31274,66366,,,
779503,31274,69942,,,
779504,31274,74043,,,
779505,31274,77111,,,
779506,31274,66872,,,
779508,31274,66359,,,
779509,31274,70966,,,
779510,31274,70965,,,
779511,31274,70964,,,
779512,31274,74546,,,
779513,31274,70961,,,
779515,31274,75033,,,
779516,31274,72980,,,
779517,31274,75537,,,
779518,31274,71425,,,
779519,31274,76029,,,
779520,31274,72943,,,
779522,31274,78058,,,
779523,31274,76521,,,
779524,31274,78056,,,
779525,31274,75492,,,
779527,31274,75983,,,
779529,31274,72909,,,
779530,31274,75980,,,
779531,31274,78021,,,
779532,31274,69318,,,
779533,31274,69316,,,
779534,31274,74948,,,
779536,31274,66236,,,
779537,31274,74940,,,
779538,31274,71347,,,
779539,31274,72876,,,
779540,31274,77482,,,
779541,31274,67745,,,
779543,31274,76936,,,
779544,31274,73858,,,
779545,31274,67709,,,
779546,31274,71290,,,
779547,31274,71289,,,
779548,31274,71288,,,
779550,31274,74865,,,
779552,31274,66150,,,
779553,31274,66651,,,
779554,31274,77400,,,
779555,31274,74319,,,
779557,31274,68669,,,
779558,31274,76860,,,
779559,31274,76858,,,
779560,31274,69172,,,
779561,31274,72242,,,
779562,31274,77357,,,
779564,31274,69155,,,
779565,31274,71717,,,
779566,31274,70692,,,
779567,31274,67107,,,
779568,31274,69154,,,
779569,31274,67105,,,
779571,31274,70684,,,
779572,31274,67608,,,
779573,31274,67600,,,
779574,31274,70675,,,
779576,31274,67599,,,
779578,31274,73743,,,
779579,31274,76811,,,
779580,31274,74762,,,
779581,31274,71172,,,
779582,31274,68100,,,
779583,31274,74243,,,
779585,31274,74241,,,
779586,31274,74752,,,
779587,31278,65279,,,
779588,31278,59686,,,
779589,31278,33691,,,
779590,31278,58095,,,
779592,31276,77820,,,
779593,31276,71290,,,
779594,31276,67961,,,
779595,31276,71288,,,
779596,31276,77821,,,
779597,31276,72943,,,
779599,31276,78059,,,
779601,31276,76650,,,
779602,31276,76521,,,
1364041,53691,11841,,,
779604,31276,66150,,,
779605,31276,68453,,,
779606,31276,77667,,,
779608,31276,66651,,,
779610,31276,77400,,,
779611,31276,66261,,,
779612,31276,66515,,,
779613,31276,66514,,,
779615,31276,66365,,,
779616,31276,66252,,,
779617,31276,77259,,,
779618,31276,78021,,,
779619,31276,72007,,,
779620,31276,72008,,,
779622,31276,69318,,,
779623,31276,69316,,,
779624,31276,74948,,,
779625,31276,66369,,,
779626,31276,76029,,,
779627,31276,66237,,,
779629,31276,69949,,,
779630,31276,76860,,,
779631,31276,74043,,,
779632,31276,74940,,,
779634,31276,76858,,,
779636,31276,66872,,,
779637,31276,66871,,,
779638,31276,69942,,,
779639,31276,69172,,,
779640,31276,77357,,,
779641,31276,74666,,,
779643,31276,73127,,,
779644,31276,77482,,,
779645,31276,69155,,,
779646,31276,73128,,,
779647,31276,67107,,,
779648,31276,76198,,,
779650,31276,67492,,,
779651,31276,69154,,,
779652,31276,67105,,,
779653,31276,67745,,,
779654,31276,75295,,,
779655,31276,74010,,,
779657,31276,67608,,,
779659,31276,77717,,,
779660,31276,77716,,,
779661,31276,67471,,,
779662,31276,67600,,,
779664,31276,67599,,,
779665,31276,67469,,,
779666,31276,75150,,,
779667,31276,74762,,,
779668,31276,68491,,,
779669,31276,76811,,,
779671,31276,76936,,,
779672,31276,73858,,,
779673,31276,71425,,,
779674,31276,74752,,,
779675,31281,33687,,,
779676,31281,875,,,
779678,31277,72958,,,
779679,31277,76029,,,
779680,31277,66292,,,
779681,31277,68849,,,
779683,31277,77418,,,
779685,31277,68074,,,
779686,31277,67177,,,
779687,31277,67553,,,
779688,31277,71143,,,
779689,31277,67557,,,
779690,31277,68576,,,
779692,31277,68065,,,
779693,31277,68578,,,
779694,31277,68577,,,
779695,31277,68064,,,
779696,31277,71007,,,
779697,31277,68574,,,
779699,31277,74712,,,
779700,31277,70999,,,
779701,31277,69971,,,
779702,31277,76879,,,
779703,31277,75983,,,
779704,31277,72909,,,
779706,31277,75980,,,
779708,31277,70598,,,
779709,31277,70979,,,
1364048,53691,62768,,,
779711,31277,66366,,,
779712,31277,71485,,,
779713,31277,71224,,,
779715,31277,70964,,,
779717,31277,75314,,,
779718,31277,70961,,,
779719,31277,72748,,,
779720,31277,73770,,,
779722,31277,69151,,,
779723,31277,75039,,,
779724,31277,68124,,,
779725,31277,68118,,,
779726,31277,68119,,,
779727,31277,71320,,,
779729,31277,71061,,,
779730,31277,74005,,,
779731,31277,72980,,,
779732,31277,70675,,,
779733,31277,67982,,,
779734,31277,68620,,,
779736,31277,71178,,,
779737,31277,67977,,,
779738,31277,68097,,,
779739,31277,68100,,,
779741,31277,71172,,,
779743,31277,71170,,,
779744,31277,77441,,,
779745,31279,84223,,,
779746,31279,84222,,,
779747,31279,91356,,,
779748,31279,78746,,,
779750,31282,874,,,
779751,31284,67071,,,
779752,31284,73726,,,
779753,31284,77309,,,
779754,31284,70134,,,
779755,31284,66547,,,
779757,31284,73200,,,
779758,31284,74734,,,
779759,31284,73198,,,
779760,31284,68587,,,
779761,31284,68586,,,
779762,31284,71659,,,
779764,31284,77743,,,
779766,31284,72163,,,
779767,31284,74724,,,
779768,31284,74723,,,
779769,31284,73185,,,
779771,31284,74717,,,
779772,31284,75738,,,
779773,31284,67030,,,
779774,31284,66515,,,
779775,31284,66514,,,
779776,31284,77776,,,
779778,31284,77259,,,
779779,31284,67013,,,
779780,31284,70086,,,
779781,31284,74503,,,
779782,31284,75507,,,
779783,31284,73725,,,
779785,31284,78059,,,
779786,31284,78058,,,
779787,31284,76521,,,
779788,31284,78047,,,
779790,31284,78041,,,
779792,31284,68312,,,
779793,31284,67284,,,
779794,31284,67282,,,
779795,31284,71887,,,
779796,31284,68303,,,
779797,31284,71883,,,
779799,31284,72905,,,
779800,31284,67781,,,
779801,31284,69318,,,
779802,31284,69316,,,
779803,31284,74948,,,
779804,31284,75455,,,
779806,31284,74940,,,
779807,31284,74939,,,
779808,31284,76473,,,
779809,31284,70328,,,
779810,31284,76471,,,
779811,31284,76470,,,
779813,31284,67762,,,
779815,31284,77486,,,
779816,31284,66730,,,
1364055,53691,21154,,,
779818,31284,77482,,,
779819,31284,75434,,,
779820,31284,77480,,,
779822,31284,66483,,,
779824,31284,67709,,,
779825,31284,68731,,,
779826,31284,71290,,,
779827,31284,71289,,,
779829,31284,72311,,,
779830,31284,73328,,,
779831,31284,76393,,,
779832,31284,66150,,,
779833,31284,77412,,,
779834,31284,76385,,,
779836,31284,66654,,,
779837,31284,66652,,,
779838,31284,66651,,,
779839,31284,66137,,,
779840,31284,66136,,,
779841,31284,77400,,,
779843,31284,73157,,,
779844,31284,67523,,,
779845,31284,73662,,,
779846,31284,67006,,,
779848,31284,75194,,,
779850,31284,77745,,,
779851,31284,73657,,,
779852,31284,73656,,,
779853,31284,72631,,,
779854,31284,73654,,,
779855,31284,73136,,,
779857,31284,67507,,,
779858,31284,66994,,,
779859,31284,73135,,,
779860,31284,70575,,,
779861,31284,66991,,,
779862,31284,66477,,,
779864,31284,77734,,,
779865,31284,73128,,,
779866,31284,73127,,,
779867,31284,76198,,,
779868,31284,67493,,,
779869,31284,67492,,,
779871,31284,75167,,,
779873,31284,74652,,,
779874,31284,70556,,,
779875,31284,70555,,,
779876,31284,74649,,,
779878,31284,67477,,,
779879,31284,77717,,,
779880,31284,77716,,,
779881,31284,69521,,,
779882,31284,66446,,,
779883,31284,75661,,,
779885,31284,75150,,,
779886,31284,67469,,,
779887,31284,68491,,,
779888,31284,77184,,,
779889,31284,70527,,,
779890,31284,72057,,,
779892,31284,74609,,,
779893,31284,66415,,,
779894,31284,76650,,,
779895,31284,68453,,,
779897,31284,66909,,,
779899,31284,70995,,,
779900,31284,76627,,,
779901,31284,76625,,,
779902,31284,76110,,,
779903,31284,76109,,,
779904,31284,75086,,,
779906,31284,67400,,,
779907,31284,67396,,,
779908,31284,68422,,,
779909,31284,72008,,,
779910,31284,72007,,,
779911,31284,67910,,,
779913,31284,72004,,,
779914,31284,67904,,,
779915,31284,69949,,,
779916,31284,68411,,,
779917,31284,67899,,,
779918,31284,75063,,,
779920,31284,66872,,,
779922,31284,69942,,,
779923,31284,68402,,,
1364062,53691,7696,,,
779925,31284,68399,,,
779926,31284,68398,,,
779927,31284,68397,,,
779929,31284,70947,,,
779931,31284,70934,,,
779932,31284,66326,,,
779933,31284,69906,,,
779934,31284,72460,,,
779936,31284,73993,,,
779937,31284,72967,,,
779938,31284,77910,,,
779939,31284,66645,,,
779940,31284,76370,,,
779941,31284,74319,,,
779943,31284,74828,,,
779944,31284,66631,,,
779945,31284,73792,,,
779946,31284,71232,,,
779947,31284,73791,,,
779948,31284,68669,,,
779950,31284,76858,,,
779951,31284,73273,,,
779952,31284,69172,,,
779953,31284,75311,,,
779955,31284,67118,,,
779957,31284,75306,,,
779958,31284,68133,,,
779959,31284,67070,,,
779960,31284,69155,,,
779961,31284,70692,,,
779962,31284,67107,,,
779964,31284,67105,,,
779965,31284,75295,,,
779966,31284,67608,,,
779967,31284,73236,,,
779968,31284,67600,,,
779969,31284,67599,,,
779971,31284,76811,,,
779972,31284,74762,,,
779973,31284,67079,,,
779974,31284,66565,,,
779975,31284,74757,,,
779976,31284,73732,,,
779978,31284,67074,,,
779980,31285,72839,,,
779981,31287,82108,,,
779982,31287,87706,,,
779983,31287,27764,,,
779985,31287,84340,,,
779986,31287,90676,,,
779987,31287,77908,,,
779988,31287,90579,,,
779989,31287,77906,,,
779990,31287,77904,,,
779992,31287,59340,,,
779993,31287,89901,,,
779994,31287,101356,,,
779995,31287,80970,,,
779996,31287,72839,,,
779997,31287,83174,,,
779999,31287,57409,,,
780000,31287,85664,,,
780001,31301,19453,,,
780002,31301,19450,,,
780004,31301,504,,,
780006,31301,20974,,,
780007,31301,20973,,,
780008,31301,4712,,,
780009,31301,4327,,,
780010,31301,249,,,
780011,31301,31332,,,
780013,31301,608,,,
780014,31301,4313,,,
780015,31301,1113,,,
780016,31301,13656,,,
780017,31301,33876,,,
780018,31301,66004,,,
780020,31301,21069,,,
780021,31301,39629,,,
780022,31301,57033,,,
780023,31301,27591,,,
780024,31301,17091,,,
780025,31301,17090,,,
780027,31301,22846,,,
780029,31301,17078,,,
780030,31301,15414,,,
1364069,53691,101508,,,
780032,31301,30004,,,
780033,31301,27053,,,
780034,31301,60587,,,
780036,31301,5158,,,
780038,31301,4387,,,
780039,31301,12830,,,
780040,31301,2324,,,
780041,31301,23825,,,
780043,31301,4356,,,
780044,31292,73595,,,
780045,31292,76410,,,
780046,31292,73593,,,
780047,31292,73208,,,
780048,31292,73589,,,
780050,31292,72808,,,
780051,31292,77930,,,
780052,31292,72813,,,
780053,31292,74732,,,
780054,31292,72809,,,
780055,31292,68714,,,
780057,31292,76648,,,
780058,31292,74599,,,
780059,31292,73189,,,
780060,31292,69341,,,
780062,31292,73306,,,
780064,31292,70359,,,
780065,31292,66902,,,
780066,31292,73592,,,
780067,31292,73678,,,
780068,31292,73675,,,
780069,31292,73668,,,
780071,31292,77758,,,
780072,31292,75450,,,
780073,31292,75451,,,
780074,31292,77370,,,
780075,31292,76726,,,
780076,31292,66480,,,
780078,31292,67497,,,
780079,31292,76713,,,
780080,31292,66601,,,
780081,31292,77479,,,
780082,31292,74918,,,
780083,31292,72994,,,
780085,31292,75040,,,
780087,31292,77470,,,
780088,31292,71325,,,
780089,31292,76566,,,
780090,31292,72726,,,
780092,31292,73486,,,
780093,31292,77070,,,
780094,31292,76554,,,
780095,31292,72584,,,
780096,31292,74119,,,
780097,31292,73347,,,
780099,31310,96509,,,
780100,31310,96507,,,
780101,31310,33689,,,
780102,31310,78904,,,
780103,31310,39351,,,
780104,31310,125,,,
780106,31310,76,,,
780107,31310,33707,,,
780108,31310,24775,,,
780109,31310,39352,,,
780111,31298,86652,,,
780113,31298,23673,,,
780114,31298,68637,,,
780115,31298,74865,,,
780116,31298,72557,,,
780117,31298,76397,,,
780118,31298,72043,,,
780120,31298,68635,,,
780121,31298,72549,,,
780122,31298,15869,,,
780123,31298,68066,,,
780124,31298,34401,,,
780125,31298,68064,,,
780127,31298,41552,,,
780128,31298,62283,,,
780129,31298,92749,,,
780130,31298,34080,,,
780131,31298,58186,,,
780132,31298,90570,,,
780134,31298,63944,,,
780136,31298,90947,,,
780137,31298,76607,,,
1364076,53698,69629,,,
780139,31298,85311,,,
780140,31298,85310,,,
780141,31298,77500,,,
780143,31298,76859,,,
780145,31298,68919,,,
780146,31298,66358,,,
780147,31298,41526,,,
780148,31298,69813,,,
780150,31298,70833,,,
780151,31298,92336,,,
780152,31298,70831,,,
780153,31298,84262,,,
780154,31298,810,,,
780155,31298,803,,,
780157,31298,75809,,,
780158,31298,75808,,,
780159,31298,84264,,,
780160,31298,84263,,,
780161,31298,71718,,,
780162,31298,84261,,,
780164,31298,84259,,,
780165,31298,84258,,,
780166,31298,84257,,,
780167,31298,84256,,,
780169,31298,84254,,,
780171,31298,84252,,,
780172,31298,84251,,,
780173,31298,84250,,,
780174,31298,84249,,,
780175,31298,84248,,,
780176,31298,406,,,
780178,31298,70653,,,
780179,31298,49053,,,
780180,31298,67978,,,
780181,31298,67977,,,
780182,31298,67975,,,
780183,31298,89607,,,
780185,31298,67970,,,
780186,31299,66045,,,
780187,31299,70523,,,
780188,31299,68473,,,
780189,31299,66039,,,
780190,31299,77296,,,
780192,31299,73968,,,
780194,31299,75504,,,
780195,31299,71152,,,
780196,31299,77281,,,
780197,31299,69599,,,
780199,31299,77275,,,
780200,31299,69337,,,
780201,31299,67028,,,
780202,31299,66643,,,
780203,31299,77382,,,
780204,31299,69951,,,
780206,31299,67131,,,
780207,31299,67130,,,
780208,31299,73912,,,
780209,31299,67128,,,
780210,31299,67126,,,
780211,31299,74805,,,
780213,31299,78129,,,
780214,31299,69551,,,
780215,31299,73895,,,
780216,31299,76066,,,
780218,31299,67874,,,
780220,31299,67099,,,
780221,31299,70032,,,
780222,31299,69391,,,
780223,31299,75149,,,
780224,31299,67339,,,
780225,31299,74761,,,
780227,31300,76536,,,
780228,31300,74602,,,
780229,31300,67940,,,
780230,31300,67939,,,
780231,31300,67937,,,
780232,31300,76893,,,
780234,31300,75354,,,
780235,31300,76376,,,
780236,31300,67665,,,
780237,31300,67667,,,
780238,31300,75986,,,
780239,31300,67409,,,
780241,31300,74698,,,
780243,31300,66498,,,
780244,31300,67647,,,
1364083,53698,72662,,,
780246,31300,70844,,,
780247,31300,74812,,,
780248,31300,78135,,,
780250,31300,70831,,,
780252,31300,66840,,,
780253,31300,78104,,,
780254,31300,73749,,,
780255,31300,71187,,,
780257,31317,27038,,,
780258,31317,30686,,,
780259,31317,33242,,,
780260,31317,57041,,,
780261,31317,30685,,,
780262,31286,61871,,,
780264,31286,1586,,,
780265,31306,69119,,,
780266,31306,77307,,,
780267,31306,69754,,,
780268,31306,78069,,,
780269,31306,78068,,,
780271,31306,67186,,,
780272,31306,75505,,,
780273,31306,73328,,,
780274,31306,68975,,,
780276,31306,68836,,,
780278,31306,78050,,,
780279,31306,72289,,,
780280,31306,68445,,,
780281,31306,76508,,,
780282,31306,75739,,,
780283,31306,76370,,,
780285,31306,66770,,,
780286,31306,66769,,,
780287,31306,66512,,,
780288,31306,77390,,,
780289,31306,68423,,,
780290,31306,73286,,,
780292,31306,73283,,,
780293,31306,78147,,,
780294,31306,76609,,,
780295,31306,73148,,,
780296,31306,66361,,,
780297,31306,68665,,,
780299,31306,73143,,,
780301,31306,66355,,,
780302,31306,76336,,,
780303,31306,75185,,,
780304,31306,76080,,,
780306,31306,75054,,,
780307,31306,73638,,,
780308,31306,69415,,,
780309,31306,69284,,,
780310,31306,76069,,,
780311,31306,76068,,,
780313,31306,73248,,,
780314,31306,69537,,,
780315,31306,77470,,,
780316,31306,77215,,,
780317,31306,68510,,,
780318,31306,68509,,,
780320,31306,75160,,,
780321,31306,74903,,,
780322,31306,75412,,,
780323,31306,66837,,,
780325,31306,74899,,,
780327,31306,73742,,,
780328,31306,66063,,,
780329,31306,73740,,,
780330,31306,67981,,,
780331,31306,67980,,,
780332,31306,67979,,,
780334,31306,77061,,,
780335,31306,68482,,,
780336,31306,69249,,,
780337,31307,69479,,,
780338,31307,77667,,,
780339,31307,77651,,,
780341,31307,77614,,,
780342,31307,77587,,,
780343,31307,75538,,,
780344,31307,75529,,,
780345,31307,67327,,,
780346,31307,77564,,,
780348,31307,75502,,,
780350,31307,73449,,,
780351,31307,73442,,,
1364090,53698,72636,,,
780353,31307,77533,,,
780354,31307,73435,,,
780355,31307,75479,,,
780357,31307,75476,,,
780359,31307,77511,,,
780360,31307,69318,,,
780361,31307,69316,,,
780362,31307,75456,,,
780364,31307,75443,,,
780365,31307,75439,,,
780366,31307,69293,,,
780367,31307,75436,,,
780368,31307,77482,,,
780369,31307,75434,,,
780371,31307,75429,,,
780372,31307,75428,,,
780373,31307,69284,,,
780374,31307,77470,,,
780375,31307,77468,,,
780376,31307,75416,,,
780378,31307,75412,,,
780379,31307,75411,,,
780380,31307,75398,,,
780381,31307,75390,,,
780383,31307,71289,,,
780385,31307,77428,,,
780386,31307,67186,,,
780387,31307,73328,,,
780388,31307,73314,,,
780389,31307,77400,,,
780390,31307,77390,,,
780392,31307,71239,,,
780393,31307,71238,,,
780394,31307,73286,,,
780395,31307,73283,,,
780396,31307,71232,,,
780397,31307,75326,,,
780399,31307,75321,,,
780400,31307,69172,,,
780401,31307,69170,,,
780402,31307,75311,,,
780403,31307,75307,,,
780404,31307,75306,,,
780406,31307,69155,,,
780408,31307,69154,,,
780409,31307,67105,,,
780410,31307,75295,,,
780411,31307,73248,,,
780413,31307,69147,,,
780414,31307,73240,,,
780415,31307,73239,,,
780416,31307,71188,,,
780417,31307,73236,,,
780418,31307,73235,,,
780420,31307,73223,,,
780421,31307,67079,,,
780422,31307,67070,,,
780423,31307,69119,,,
780424,31307,67071,,,
780425,31307,73214,,,
780427,31307,71161,,,
780428,31307,67050,,,
780429,31307,73190,,,
780430,31307,73189,,,
780432,31307,73183,,,
780434,31307,69077,,,
780435,31307,77259,,,
780436,31307,75205,,,
780437,31307,73157,,,
780438,31307,75204,,,
780439,31307,67006,,,
780441,31307,77243,,,
780442,31307,73145,,,
780443,31307,73143,,,
780444,31307,66994,,,
780445,31307,66991,,,
780446,31307,66988,,,
780448,31307,73127,,,
780449,31307,75170,,,
780450,31307,77215,,,
780451,31307,77209,,,
780452,31307,75160,,,
780453,31307,75150,,,
780455,31307,68975,,,
780457,31307,68956,,,
780458,31307,73052,,,
1364097,53698,77745,,,
780460,31307,77128,,,
780461,31307,77111,,,
780462,31307,66872,,,
780464,31307,77108,,,
780466,31307,70959,,,
780467,31307,70958,,,
780468,31307,70947,,,
780469,31307,70935,,,
780471,31307,68836,,,
780472,31307,68833,,,
780473,31307,77006,,,
780474,31307,72905,,,
780475,31307,74948,,,
780476,31307,74940,,,
780478,31307,72876,,,
780479,31307,66730,,,
780480,31307,70811,,,
780481,31307,76952,,,
780482,31307,74903,,,
780483,31307,74899,,,
780485,31307,68740,,,
780486,31307,68731,,,
780487,31307,66671,,,
780488,31307,74848,,,
780490,31307,74829,,,
780492,31307,66631,,,
780493,31307,68669,,,
780494,31307,76860,,,
780495,31307,76858,,,
780496,31307,74806,,,
780497,31307,76849,,,
780499,31307,70692,,,
780500,31307,66575,,,
780501,31307,76811,,,
780502,31307,74762,,,
780503,31307,66565,,,
780504,31307,74752,,,
780506,31307,68604,,,
780507,31307,66547,,,
780508,31307,66545,,,
780509,31307,68587,,,
780510,31307,68568,,,
780511,31307,66515,,,
780513,31307,66512,,,
780515,31307,76738,,,
780516,31307,72631,,,
780517,31307,74676,,,
780518,31307,68531,,,
780520,31307,74670,,,
780521,31307,74666,,,
780522,31307,66470,,,
780523,31307,76707,,,
780524,31307,68510,,,
780525,31307,68509,,,
780527,31307,70555,,,
780528,31307,72311,,,
780529,31307,70262,,,
780530,31307,70261,,,
780531,31307,76393,,,
780532,31307,66150,,,
780534,31307,76370,,,
780535,31307,74319,,,
780536,31307,70170,,,
780537,31307,66063,,,
780539,31307,66035,,,
780541,31307,72163,,,
780542,31307,70110,,,
780543,31307,70109,,,
780544,31307,76229,,,
780545,31307,70085,,,
780546,31307,70076,,,
780548,31307,76198,,,
780549,31307,70025,,,
780550,31307,70011,,,
780551,31307,76146,,,
780552,31307,76129,,,
780553,31307,69981,,,
780555,31307,76102,,,
780556,31307,72008,,,
780557,31307,72007,,,
780558,31307,67910,,,
780559,31307,74048,,,
780560,31307,69949,,,
780562,31307,69942,,,
780564,31307,76069,,,
780565,31307,78111,,,
1364104,53698,66983,,,
780567,31307,67869,,,
780568,31307,78108,,,
780569,31307,76057,,,
780571,31307,69906,,,
780573,31307,78091,,,
780574,31307,73995,,,
780575,31307,76042,,,
780576,31307,69897,,,
780578,31307,73726,,,
780579,31307,73725,,,
780580,31307,71673,,,
780581,31307,71659,,,
780582,31307,67562,,,
780583,31307,77797,,,
780585,31307,77796,,,
780586,31307,75738,,,
780587,31307,69593,,,
780588,31307,69588,,,
780589,31307,75722,,,
780590,31307,75716,,,
780592,31307,75712,,,
780593,31307,73662,,,
780594,31307,73657,,,
780595,31307,73656,,,
780597,31307,67507,,,
780599,31307,73638,,,
780600,31307,67492,,,
780601,31307,69537,,,
780602,31307,77722,,,
780603,31307,77718,,,
780604,31307,67477,,,
780606,31307,77716,,,
780607,31307,69517,,,
780608,31307,69518,,,
780609,31307,67471,,,
780610,31307,67469,,,
780611,31307,75661,,,
780613,31307,77691,,,
780614,31307,73586,,,
780615,31307,69483,,,
780616,31307,69480,,,
780617,31307,76694,,,
780618,31307,66446,,,
780620,31307,68486,,,
780622,31307,70529,,,
780623,31307,70527,,,
780624,31307,70522,,,
780625,31307,66415,,,
780627,31307,76650,,,
780628,31307,68453,,,
780629,31307,68450,,,
780630,31307,72524,,,
780631,31307,72523,,,
780632,31307,68423,,,
780634,31307,68418,,,
780635,31307,68411,,,
780636,31307,66361,,,
780637,31307,76599,,,
780638,31307,66355,,,
780639,31307,72483,,,
780641,31307,72460,,,
780642,31307,76521,,,
780643,31307,70370,,,
780644,31307,76514,,,
780646,31307,76508,,,
780648,31307,68302,,,
780649,31307,74447,,,
780650,31307,68303,,,
780651,31307,74446,,,
780652,31307,70328,,,
780653,31307,74420,,,
780655,31307,68263,,,
780656,31307,72335,,,
780657,31307,70279,,,
780658,31307,72313,,,
780659,31307,76040,,,
780660,31307,69894,,,
780662,31307,78069,,,
780663,31307,78068,,,
780664,31307,78059,,,
780665,31307,78058,,,
780666,31307,78057,,,
780667,31307,78050,,,
780669,31307,67801,,,
780671,31307,75953,,,
780672,31307,75949,,,
1364111,53698,67482,,,
780674,31307,69802,,,
780675,31307,71849,,,
780676,31307,69795,,,
780678,31307,77982,,,
780680,31307,73858,,,
780681,31307,67709,,,
780682,31307,69754,,,
780683,31307,75888,,,
780685,31307,69731,,,
780686,31307,77910,,,
780687,31307,77907,,,
780688,31307,73801,,,
780689,31307,73792,,,
780690,31307,73791,,,
780692,31307,67608,,,
780693,31307,73749,,,
780694,31307,67600,,,
780695,31307,67599,,,
780696,31307,73742,,,
780697,31307,73741,,,
780699,31307,77833,,,
780700,31307,73730,,,
780701,31308,71549,,,
780702,31308,67996,,,
780704,31308,77810,,,
780706,31308,66955,,,
780707,31308,68231,,,
780708,31308,71516,,,
780709,31309,96350,,,
780710,31291,87679,,,
780711,31291,82814,,,
780713,31291,82520,,,
780714,31291,82524,,,
780715,31291,82527,,,
780716,31291,82526,,,
780717,31291,82525,,,
780718,31291,81404,,,
780720,31291,82522,,,
780721,31291,82521,,,
780722,31291,90840,,,
780723,31291,90192,,,
780724,31291,78669,,,
780725,31291,90187,,,
780727,31291,79946,,,
780729,31291,85695,,,
780730,31291,82361,,,
780731,31291,89912,,,
780732,31291,82103,,,
780734,31291,82099,,,
780735,31291,89903,,,
780736,31291,79919,,,
780737,31291,90798,,,
780738,31291,88362,,,
780739,31291,83244,,,
780741,31291,85418,,,
780742,31291,80546,,,
780743,31291,80544,,,
780744,31291,82331,,,
780745,31291,90380,,,
780746,31291,88459,,,
780748,31315,73306,,,
780749,31315,76726,,,
780750,31315,66601,,,
780751,31315,76648,,,
780753,31315,72994,,,
780755,31289,61658,,,
780756,31289,12281,,,
780757,31289,15704,,,
780758,31289,15703,,,
780759,31289,60107,,,
780760,31289,33960,,,
780762,31326,86367,,,
780763,31326,91708,,,
780764,31326,91489,,,
780765,31326,86400,,,
780766,31294,27647,,,
780767,31294,27637,,,
780769,31294,29144,,,
780770,31294,59338,,,
780771,31294,24516,,,
780772,31294,47553,,,
780773,31294,32703,,,
780774,31294,42428,,,
780776,31294,31661,,,
780778,31294,15783,,,
780779,31294,1425,,,
1364118,53698,72594,,,
780781,31294,28024,,,
780782,31294,4465,,,
780783,31294,28013,,,
780785,31294,28007,,,
780787,31294,26961,,,
780788,31294,23881,,,
780789,31294,27973,,,
780790,31294,27971,,,
780792,31294,53048,,,
780793,31294,19763,,,
780794,31294,27954,,,
780795,31294,65839,,,
780796,31294,37677,,,
780797,31294,62240,,,
780799,31294,29448,,,
780800,31294,29446,,,
780801,31294,28416,,,
780802,31294,62206,,,
780803,31294,22781,,,
780804,31294,22780,,,
780806,31294,22772,,,
780807,31294,25328,,,
780808,31294,16106,,,
780809,31294,44778,,,
780811,31294,30927,,,
780813,31294,46276,,,
780814,31294,3775,,,
780815,31294,62654,,,
780816,31294,26807,,,
780817,31294,60080,,,
780818,31294,24752,,,
780820,31294,36001,,,
780821,31294,34464,,,
780822,31294,14488,,,
780823,31294,14487,,,
780824,31294,24213,,,
780825,31294,18579,,,
780827,31294,2697,,,
780828,31294,30336,,,
780829,31294,18043,,,
780830,31294,1656,,,
780831,31294,29301,,,
780832,31294,29813,,,
780834,31294,19057,,,
780836,31294,29277,,,
780837,31294,32342,,,
780838,31294,24654,,,
780839,31294,4681,,,
780841,31294,38981,,,
780842,31294,25146,,,
780843,31294,20533,,,
780844,31294,33843,,,
780845,31294,31276,,,
780846,31294,56363,,,
780848,31294,22,,,
780849,31294,16405,,,
780850,31294,59923,,,
780851,31294,28179,,,
780852,31294,26640,,,
